95
01000000100110101010000001010101101011111010110100011100101000111001001111111011011011110010111
10010000100101100010000111101010001110110000010010111001110111101111100001100111100011110011001
01111001000011100011001101110100101111010111001111011000000010011111101000101110110001100010010
10101011000011011101001000100110100101111000010001111110000110100110000110101101101111111100010
10110100010101000110011010101110010101101100010111100011100100111101111110000001111100010000001
01110100110110101000000001111010011111101111100000100000111001111011010011111101101111100100101
11111100001010011110000000101000000010100100011111010100110000010100110001100100110100111100110
00011010100010111111100110001110011110100101100111001111101101001100000100010110001101101000110
01101010010000000000110101101110101111110011010110001100110110001000010001111111011100000110101
01111101111000111111111100111001001011111110110101001111101100001100001010101000011111101011010
11010111110111111100011101011100011111010011001001000100100011000010111011010101100110101111111
11111001101010101110011001000011001010111110010110011010011111011011111000011001110000000111001
00111100010101110110100100100111011001100111000101110000001101010010001100010001100100011111110
10101110001110100010001000101010110011001001000100100101101101101001011000011011010101111111111
10101000101111001100101111111101100001110000011100111110111001010111100011010100000111100110110
11000110010111101000110110101111111111011010000010001010101101100101001010110011011011101100110
00001101111100001001110100110111100111011101000011010111100010000100010000110101110111110001001
00111010000111011011100000010011110100011110101110001100111100000010001000111000000000010011010
10011110110111000111100011001011010001011100000000000011001000010010001010110000001000100010001
01001100011101110001110011110011011101100100110111011011111101001111101101010011001101011101010
11110011101110001011011110001010100111010101111111011000110101101010000100101111110111111001111
01110101110001001001110000111111011111011000011110110000000001111011100001111001001000111001100
10101110101010010110010000101000110111111101101001110001011101101001000100111100110010010000011
01101111111100000010000000110011100011001111110110011100100101011001011101110100111011000111110
01000000111100111101101000011110101000000111010011101111110110110101010010011000001110011101000
11000000111000010001000010111001010011000011001110000101001010001011100011010110010101100011101
00010110110101000010110001011101110011101001001101001111100111000101010010100101011010001100010
01111101111011100111101011111100110010111010010111100101010011101010001110010100100100001011110
00110010111000110100110111111001101011001110011101001101011111110100100111000111000011001011110
01100010010111110001000101101101111011111010111001000110101001001101110100110101011100111001100
00001000001000011111010101101001000000011011000110010111111100000101111111010110110001011100000
01001001100110100000110110011110111111000101110110101100011010101101010000100100111010111001111
01001110101101011011000111010111101101111100111000111101100111111101010101001010010111001111111
11111000110100000000011010101001100010101000101000100100100110010000110001111000010010110010110
11001100100110000001101010011111001011001101101101010011100111011001011100101011101010110100001
01111100011000100100101011100000000100110111100001010001101111100001011011110011011101001000101
11001111110001100110111010110010001011001100001111000111000001011111111011001011001001011101110
00101001110010000001101100101110100110110001111000101100111100001000000011101111100000001110011
00010011001100010001100011101011110100101000110011110010011000100001011100111000010011000010001
10000000110001101110010011011001111001010000000110111111111101101000001001110001101100010000000
00111101101001101000010110011010011001010111001111101110010100010111100111111000110101011101000
00110101010101000010110010000010111101011000011010111011010001010100010001111111001111010111011
01100100100001001111001100000101010001100111000000011101001111010000110110110111110110110100000
01110100110111110001110001000010111000111101101111101101011111100011100111000100001100110101110
00011000111100000000011010010111001110111101111101101001010001101110000001010010000011100100001
10110101111100000001000011000010011011110110010011101001111001011011010101110100111100100001111
11100001100111000110100001011110001010011001101101110001110100101011000101001010011011001001100
00000111111001001000110011110111001011100010110100101110010101111000001001001111101110110101001
10000010010001011010111000010011010001100001000100100000111011000100001001111100011011000010000
00010010011010001101010000111110000000010110101111011101111000001110101010100110110111000100100
01011110000101100001110100111101000000010001001100111001011000000011101000010101001011010101101
00001011000011010100110101111000010111001101101000001001111100101010100011011000001110100100101
00010000110010011001011010010100111101000101001110010111001011111100000101111111111010110110110
01010101010110011100010111101111000100110010001001100000000010010110111001001101001001000111110
10110110011101001101001100111101100101001011010101110110110000000000001011000001110111100110100
10011010011110101001001111111010101010001011111111101001110001010110001101110110000100111010010
11001011000100111010111001001000000010001101011010111100001101001001110100100000000010000000110
00110110000110100110001000101011101010101011010000000101111110011011111110001000110011101001111
10110111111010101010111101111010011101000010011101011010011010011100000001010100011111001010010
10001010001001110110010000101111000111001101001110011011001101001000000000101001010011001101111
00100011110110010000110000111110110010101010100111100101000011100101101010101111000000010011101
01101011110010001000000101010111101011110111010011110111111100001100110100000000011101000011011
01101110001001110011011110000100100111101000010111100001010100000111110101011100000001111101001
00111000011000001010011010000100100100101110100110010001110100001100000111110100110101010010000
00110010100100111100100110011111001111101100111001110111101110101110001011010000010110111010000
01110001011010100001000001100100110000111100110111011110010001000111000100010101010000010010110
11110010111000101111011001110101100101011110100001000100001010010111001110101101111110100101011
00101110111001010101101000111001100100001101010000000010110111010110011000000111011101000111101
00001110101110011111000011101100000110011000010010010111000111110001110000101110101110100010111
01111011000101000001101111100100010100101001100001011000101001001100001111011100101010010000111
01101111101011011000111000001010110111000000101000111000101001110011111110000010111011010110001
00111101110011011101110011011011111111111001101000110111111110110101100111101000100011100111011
11000010101011101110000101011100001110110101101010110000101011011111111101010100011000010101000
00110010001000111100010001000001111010101001101011111110001100011111100001110110010010010001111
11101100100000001101100001001011100111111101001010100110000100110000111101111011011100000001010
01111101100110101010110110001100001110001010101111010101110001101010110101100111011101010010101
00001110000010000000000111111000011111101010110001000111011010001001010010110000111101111110110
00000111011011011000101010110011101000100011010100111011010111110110100110011111111000101000010
00010110101101011100110111101000111010001111101011110111001011111010100100110101101101100100100
00101001011010011011001100001100110011000100001101100101111010001000111010010011110100110111011
10000100101101010101100011010100010010100001101101011001011111110100010010011101101010010010111
10111001000011000111111001111010100011001101111101001110000100101100100100100000001010000000010
00111001100000111110010010011111010101100010010100101000100011101101100011111100100001011110111
00001111001011001100101011000011111000000011011000000010010010101101111101101111101110010101111
00111000011000110111001001100000110111010000111000111111111111101010100110010011011101011111001
00001101000010100001011001110101111000101000011100000110001011101101100100001000000111000111100
10000010011001010101111011000111001000111110100100000011101110101011000100100000000111110000001
01101010001110010000110111010110101010011010111011110111110111101111010011010011010000011000100
01001011010000101010110010101110100010110101111111100001000001101101011100000011101001010010101
10111010000010111001110110001001010011100000111001111111000110111001101010100110010101001000000
00001000111110000100000110101100100100110001101001100110001111101010011110110110110001111011101
11010110011011111011110011001000011100000111010110101000110000101001101101011010100000110011111
00000111000110000101000101110100111100010101101010010111110111001110101001000101001010011111010
11100101000111101111001010011110100110000111001100101110111001010101110001110010110001011101110
11011110010001101000000111101101110000010011001001010010100101011100100111101010010111100100100
