42
101111111110110111011011111101001111011010
001010010101111011000001101001111000010110
101101001101000000101010100001000111100010
100010101000111101001011111001100010100110
001101101101011110000011100001110011000111
011111111111011001001001011100101101001101
100010010111110000111011110111101000011111
000001011010001101000000100011010100011001
100010010110001100011101111101001101011010
000110101110101011101110101000111001000001
111001001000011011010000001111110111010010
111111010100011000110110111111011101100110
011010010001101010101110100110110111110110
100101001111100011100011010101111111100111
011110111101001110010011000111001011010101
010110001110001100101000100100000100011010
110000101111011110110101010110110110111000
111110111110011010011010111000001110011011
011110011111010111110110001000011101001101
011000000101110110100101010011001011010011
000001001111101101101011101111101110011001
010110000010011100111010100001001111111010
010101001100011110100101000111000101100110
101100010111001011101111100000011000110110
001110010010001010000101101001000001000001
001100110000101100010010001111110001000100
110010110111101011010000101010110011000010
110001001001001000010011001011110011011111
100111001001110010011010001010100011111101
001100010111110011011110010011110001011001
001101000110110110110011110101001010011110
000100101110010111111011110100100111001011
111101001101010101101110111110101100110011
111001111111101000000010111010111001110101
111001100100001110011001011000100111100101
001000111101011111101100011110101001011110
001000000010011001011101001011001100011001
011001100101110110010000000111111000101110
010110100001000111111011111001001011010011
000000110001011111001011010011010100010100
110011001101010111010100011101101010100010
011101011111000110000011111111011110000001
