243
101001110101011101101110000000110010000000010111000110001010001110111001101101111101101011011000000000111010010011111101101000110001010110101011111110001100000011110101011000000001110010100000011111001111000100001001011100101110010111000001001
011101110011110101100001011100000100100000100000100111100100010110111000010101001100011010100110100011110101110111010001010010010000111001001110010001100110101000100111101010101110011111101100000101111010001000011000001010100100000011101010010
101101100111001101100011000101010011111110011110011111100001110110111000011001100100110111100101010001111010011011010110101010010001100111110111001001010101100110110001010010111010101001100000101011011001000010100100111000000011000100101000100
100101000011111010011011000001101101101111110111111000001000011110111101010101100011110110001011110101100001001110010110111011011001111100011000011000001110110101011110110110000111101110011000010001100100110110100001010101101101110101100111011
101111001100000000111010010000001101010110010001010100110000011110000100010011100101111001100100110111100011111111101000001111100100111000100111000000010110001101000001001011101101001001000011111011100111101010111010101000010110100100011000011
001011000101000000000001100110101011101110011101100101100101110001100010001000010010011111000001100000101101101100001001011010001001100001110111000000010101111001010111110001010011010011111101000110101000110111101110011011110000101000010100110
111011001111110110011010100111101001001011000000011001110011000010000100000010100010011110011110011111110000100100100101110000101010111101100000001111000010001000001000110011100011010101001101110100000001111100000001011100001000000001000011001
101110110010000111110111011100000001010011111010011100011111110111011010111001101110010000101101010110100100011100001000110111110001100111010001100100001101100101111011001000111111011111110111111000000001011111111011011011101101010001011011000
001001001001101111010100100100011111100111101111100100110000111010011111100110110111010010101000111101100001101100000100001011110100011101100111010000001000110110111101010101110000011000111100110001111010111101110101100000010110101110111111100
101000101100110111100110111000110001100001111011001001000101001100100111100011001000010010011110110100001000100000100111010110111111100011001101010111001010101110101111101011100000011001101100101001010010101110111010000111001100110111101001100
111100101100011110100010111011010110111001110110000110100111001100010010100101111100101100111000110000100011000111010111110011110001010010011010010000100000110101110000100000111101000001001011100011010101011111001100001110111101100111101101001
111001100010100110001000111111001101001011010100100101111001011001001011011010000011010000010000110010111110001000011111000101101010111010000010001010101000010101000001111001010111100110001111111100101100001001100111000000101111110100100100011
001011011010000101000100110011101100111011011011000001010010111100111000111011101101001000000101010111100011101000100000001100110111110010000110110000000111100011000000011111011101011000010001000001001010011101000101101010101001110101011010111
001001100000011010010001011110000111101000000001011100010000111000000010001011100100100010101010010110010101100011000001110001100011100111001100111011000000010100000101000010011001111000010110000100101011110010011011000011101101100101011100110
110100100010111000001111110100000101000111011101101110101010111011010101000011101010001100110001110111011001011101110100010100000100011000000101110110111011111001000011011010000110100101001010111000001101100010011010100001010010001001101110001
100000000101001110110100000111100000110110101111001010110101110100100101001010100001011101100001010011011100111101110000101011101101010110010000110000101011001110000011101011011000111011001100111010110110111001001011001011011001101000001000100
000010101010100111011000101111110111010100010011100111101100000011100111011000111101000001101101100110111100001010100011100111001000101111011011110010001101111101100010011111110100111011100001001101000010001111110110010111101111111000101111000
100101000011000010100000111111001010111111101000010100011010010110010100010000000110000001100001101100111001000110001010001010110111011010000000001010000000011100100101010000101001000001111110111111010011010010100101010111011010000111010010000
000011111000111100000001110000000001110011000000101110001101101110101011110111101010010101100011110001111110101011110001011110001101000111100110000001000011101001110101100100011101100111110111101010011001001111010010001000100000101001010101000
111111111000101111100100100000000100100001010110100110010010100100001010100100111110001110010110010100100000011101111011111101001001001110101000010011101101001111111110000101011110001010110010100100010100011010001111100010000011100111011110111
000111110011100110101000010101110101100000010110001000011111010000011001010000000010001111001001110011110111001111000001011000010000111001001010110110011110100001010110001110011101100111000111001011111111010100000111111101110111010001000101010
110100100100101001101111110011100000010100101101100010001111011101111001100001111000000000011101111111100011101001100111110010110111110100000101111010011111110010100000001111111011111100101010111010000110101010100110111100101101110011111010001
111001011101100001101111110000011011000001100011001100110010110101101100100000100000100111111001001110000100010000111000011000100010110110100101011011111110101001000001111000110111000100111101000101101001000100111110100000001100011011110110001
111100011001100100111011011000111010000100110011011001010110111010101110101100001110110001110100001001111111101111001011100001100110010010111000001001111000000011100001101100001111111010110000111100101100000011101101111111100010101100010000111
100101011011011110010110101010110111000101000010100000111111101011011001010110010111000010110101100101110001010000011111010111010010100100011001101001011100010010000110101010010011010001111011010000101001000111001111110000101110100100100100101
011001000010010011001110000111101011001110110010111100000100100010001101000000001100101000110000001101010011001111001110101011011101100111001000001001001110110111111111111101011100010110000100100000100011101101010101010101101000011100110000001
100001011110010001111100000011101110100000011100010111011001110010110110110010000010110010000011011101101111100000011010101010000101111110110000111111010110110001101111110000111100101111001111110110011010001111111011000011001000000101001100111
000001001101101001010011101110101011000101001110110000010100010001000110010000100101011111100001100110100101110111100000101101000110001010011100100000111010100000010001100000010010111010101101100011111100000011100111110110010111010100010110010
101101010000111000000110100101101000111110100111000101010011110001010010100001000001011010001001001011000111010010100010000111011101010011010101010011010001110100011000101010101111001110010011010100001010101001011111001100000001110011110111110
001100011100111110100101001101100101100011010110101111011111000001101101110011110011101110101101100011110111010110101000010010111111111110100000000110111110010111100011001100111000100111011100111101110111101110100100111100010010000110111001111
001000001011100111010010011001011010101000111011100101110111100011001101110001101011010001101100001001010001101010010000000110010111110101111000000111100010111100111111100001110111111101011101101000000111111000011100001101010001110110000101111
010010100101100001001001100011100010001101011001100101101101010011100010000100010000000001000011111110001101001100000001010101110101110000011001000001001110111100011001101111011000010011010011100101111110001100001000000000001011110001010011111
000100010001100000101011010010011110100010110000110011000101001001101000011100001001110100001101010001101100011101000000000001101100011000011100101010111011010101111010100000001110101100100000001111111110001000110101111111100111001010110110111
001001010101001100001100010100001001110001001000011001001011100001111100000111110110001010010111111101000110100100010100011101101111110000100001100011110001110111001001001000100100110011011000000011101111001111000001000001011010010100111101101
100101001111010010110110010111010010001001111101101001111100001111100001110000010100001111010101011110100011110000000100111111001101101000000101000011110011111010011111100010100000100001100001010101011001100011101001110111100011011110110100001
111000010011111110000000001101111111101101000101001110101110000110001111011110110000110101110001100111001010000100101001110001111011011101001011111010110100111011110001111001011100010001111011010100010010111110010100011111111110101101101001100
011000011010110101111000100011001011100001111101000110000101011000101111100001011111000001110010001011010100010110001110000101001101101011101111101110010011011011000000001101010111111010100000000011000110101001100010101100001001101100011010010
111001101011101111001111111111000101011011001100110000100011111111111011101010101010010110101010100110100001101101001000100111101110000010010000010010100111100100001000010100100001101111100001011111000100101100111101111010111010011101011011000
010010000101010110101000010011010111001011101000000000101100001010100100110111111011110100111001100110101101111100010010010100101111100000011101101000110101101110010000110110111000100001001111110001001100000011000010010101010100000000110110100
011011001000101011111110111111101010100111100101000000001110010101010011101110111111110011101000001001000000111100111111000111101111100100010110111110000101010101001101110011010111001011010011000001110101000001110010000001101010010100000011001
101010010100101011010101010101101010010111010001100000011010001101111100010011111100001000111000100111000110100000000001011011110101100111011111001111000111101111100110000101000111001010010100101111010110100100001100011111111111000100010010100
001110111010001101100111110101100111101010111100110010011100101110010011001101110000101010101100110100010001111100100000000100111101111110010111110000100011110110100101000010001000101101101101101010000111000000000011010100110000010010010000111
011101011001101011011100110100100001111110111110000100001101111011001110000011001100011011110000101001101110101001101001101111001110111100110011111111011110001111010110000010100010001000111000101000100000111000001000101011001111111100100000010
001011101001110111111111110001100100000101110010010001111101010101100001111000100000110011011010011000000111000010001001010100111001010111100100111010100100100110101100111000110101110101101110001101000011001010110101001010101111101011101010101
010100111011100100101000001101010000111000110101000011100000101001010111111011000101110011011101100111111011001110101010111001000100011101101110111110010011100110111010000011011110111010110011000001100100111010110101110001111101101100001000011
101000000111101011100000011011100000011000111101000010111001100000101001011010110101111100110110000011101001001100101101100001110110110111111010110101110101110001111110110001100001000010110101111010011111001000100011110011001011101011110010101
011111010010100100010100001011001110010010011101011100110001011111010010110001000100100101011011101010101100100111111000000111001010010010010001111001010011010000001101010010111111100110010010011100011100011001000000111100111001010000010010111
001110001010100010000001101010001111011111010011000101000000010101010011110100101100111110100110001100111111100001000001101011011011111111000001101100111011101111010110101000110001100000101111000001110000110100111100000101101011001111111111100
011111100010001001100110100111100100001101101010101000000101011001110101111101100100100011110010010111110011100110000000100110110110111010110010111010011111011001100110010011111001001111110101000101110011011010000011111000001010100100001010011
101110010000100100111110110101001110110010000110111000110011110011000110101101010001111011101001100000110001011011001010101011100100000010011110000000000000011100011000011000110100101000100100110101010000011001111010011101100000010011111101111
011100111001011000110011111010110011101101011110001100110101010110001100010010010110001101010100000010011000110001011001110100111011110010010111000100011001110101110010111110000010011010110111101001000011100001101000100000110011100001001110110
011011010010001100110111000100100000110010110001001111001010011010101001000011101001101000100100100010100100100011100010110000101110100100101010111100000011001111001100110111111001101111011001101101010101000011011101111010110101001011101100101
011110000100010101011101100110010011110111101001011100000101010000111000010001000100000111111010110100011100110111110010000000100111111100001011001101000001111001100110000011110000000001110101101010011110010001011000100000111100101111010110001
110001000101101010110111111001011000011001000000010011101001011011110100101011011101110111100101001111110001110010001101010100111111011101001110001001001000101001111010000011010001111001101010100110010011110110010011001110101010100000111010001
101100010101110011100000101101101000001110111000110010010010111111010110000101000000001010100010001101001110010000011100101100011100001111011111111111010100001000001100101110010011000010111001100010010101101100010100111110011010000110000000100
010111101010000011111111010010011101011100101101111110001000100100110100111010111001101101011010110000010001100000001000101100101111001010100001110100010011101001001100001001100101011101001111110000000111110001110110000000000001011111010111010
101101110011000011110000011000000111000000101100110101110100110011111110111000001010101000100101011011110010000010101010110010101000001100100000011101100101101001000110000101100000000000111010100101011111111001110111010111111011010100111100110
101101001000000011111001001111001000110000001101110111000011000111101010000110010010011011111100111001110111100010010001100001111101110100100111100010111110110010010101101100011100101111111100010110110100000001110010011100000011011111100000000
101111111001011110001110100001100100010011010000111001001111101000111010100010101000100111101000010010111001101011101011011100001011011101000010111010110010011011100000110011000001111011110100010101100111001001001011000111110001110111011010000
010101000000101011111110111010111011100001010100001001010101011011110010010001001001001110011110110110000000111001111111111110111101001010101100011100011100000010110110100010100100110110100011110001001111010100100010111001000100110000111100010
110101001111000111110010111001000101000000110101001110010101111001101001110111010001111001010111001000000011111011110011011110111110110000110100010001110111100011110001010110010001011110001010000001011001010110110000010000001111000101010010001
001100100010111001111010111101010001010011100010000100110010000101001110111001010011110011111010100101110101011011000000001011100100001111101100010011001110010000100011110010010100100111110000010010000000111101111110011101111110100001001001011
111101001011010110101001010101100000111100111010111011100010000101111100000000010001101101001010011111110101111010100010100011001101001000100101000101111101101100110001101111100111011100100111011100011110000101001000001100110010000000010110010
110000011101000010011000101101000100001000010110000000010101110111001100111000001111001001110101100100001110101111011100100111000110000101001100111110001001000000100000110101011111000010101010010000100001111110111000100110011010010000111100001
001010000101001001100011100110011001110000011010000001101000000010110111110010011010001010000000100101100111101001110100000110001011110110010111001001101110001011111011101100000010010110111101101000101100111001000111101011011100100001111100000
011111011011100110101011001111111111000100101010000111110011100011000001001011101011010111111001000000111100100101111101000010101000111011000001000011000110100110001110010000101010100010001001110001110001110011001111011001001100101110101111000
100010111001100011000001000011101110000101001101110011010001111000001100100101001110000100001001010010110110111001011000101001001001111110010010101001011001001010000110100010011111111010110100010100000111101010001111001100000001010011011100100
001010011010011010000011110111000010110110011011101001111000101100011011000001000001101100001110110100010001000000011101101111011010101000100110101101101001101001010001111001110111110100001011010100100111111010110110100000111011000101011101110
110011100010001001110011001001000111010001010110000100011001111010011010011011011100011101011000001100101001101110110111001111000000001111100100110111110100111111010111110110110100101010010001010100110100010100101100010000000000011110101010111
110101110001000100110101001000110111000111000011101010100001100110110100101110100101010010101110000100000001100101100001100011011101011010010010011011010001011111011110010100000000001101010110000110111010110010110010010000110011101101110010101
101010000000000010111111010001010100000110011100111011001100000111000101100010011111010000111010111111110100100111010101101110100010110111110100110101110100010110111001111110010100111001000001011100001011110110011000000010011111000010011100001
101101010100011000000110111001111111010101001101101010000100010000110100010100100111100000110011101010111011111010111010101000011010000100001100111010011000010010011010010110011001000010111101110001010011011010000100110111011100000011010010001
001011100010111101110111100111000010001110000001011100001011011100111011111010100111000100110111101000011101000100110100010001011011100011110110101110010001111010100111011000110000001101100000001111000100010111010001000011100111000000111101100
101111101010101001010001101010111010010010111101101100111111111100111011100001100111001001110000110111111001101101111100011110110011000100010010101101110100100010101110011100111000111100111101110001011110010001110110110010110011110001011110010
100001010010101001000100111010000110100101100101001100110011110111110110110000101101110000000100010000001111010100001010111111000001010010001100111011111001100000101001111111011110000011001010111010000000001010111000000101111101000101111110000
011110110101000100110010110001000000100101110100101001111100011110001100101011100011110111110101111010111011011101000000011111010100011000010011111000010010000111000011010001011010001010010011010111101001001000100110010101000001101010011011111
111011000010110100011011111011010010101101101001011100101110110100101101000101110101111001001011010000110001110101001011011111100001101111100000001010011001001110101110001000000010000110101011111001000101101110000111111010100110111111101011000
001001101101010101001111110110000000111001001011010001101001110100111101111010001001111000011011111111000110100001010110101010100011001000101000101010110100010100010000011101110000111100011100101000011000111011100110010001000100001001000000000
001100011000001010000001000001100111010101011100010100110110011011110010011010000110001110101111100001100100000001111000110111101110011101010001100111001001100111011111011101111101001111000011110011011001111000010101101001110110010001000101001
011001111000000100011100101010001100111100100011011111000010010110100010000011001001001111001101101011101101110111001001010111110111101000010111011010011110001011010011001001100100110010001011010011110101100011111000101000101011100000011010001
011101100011010000101001100110101101101111001011100001001110101110011000010011110110010011011011001111100001000000100000001101101000101111101100001100111000111011110010010000110100011101111100111000000110000111101111101100010111110110100111110
111001101111100000100110111100110001110101000010000001000111101110000000111111011100111001010100010100001001011101001101010101111010111100111101111101010010000010111010101001011000011101001011111100101001010101001101000011101011110010111010101
001101111001111011100100111101111110011101111001100100010101100010000100000111011000111110001010000000000010111011010100011000101101110001010011100011101111000101001010101110110111110001100101101010000001110111011010111011110100001100100010000
011111101101100101001010100001110011111111010000000011011111000100011010000101001011010010011111010000011110000011101101000010011010000111100110001100111000011110001111111000110011011010111101111001000001001111101111001110111001001011010101111
000101010001001110010000101000000011100001100001011110000110001110011011001101101011100011011001001010010110011000111010000110010111011100101001110001110000100100001101010011011111011111110111000011010101111001110010111101010101111010000010111
000111000111011010011110000000001001010101010001100101010011011110000111110111000110100011111100000011000011010000101011010100000100011000010011010111101101101111100110011110101000000101110011001010000011100011100111110001100000001100101111010
101010010011101100110001000010010000000000001001011010110000110100001000101110100101100111110111110000000110011100111111111111111101100111101001110101001011001010010100100011110111011100110000000011001010000010101101101001011000010001111010100
011111111010101001111011111011011100010100001000000011001001001101010010110011101111110100110111011101101010001101001001111010111101011010001111111101000011110101011011100101010110101101000101110100100001001110100001100010111101011101101011010
000011001100100100101010011001000011110100111100110001011110111111000001100000100100001001000101111111010110101110110010101100011011010001100010100100101010010100001100000101110001100101001010101100110100011101100100011010100101011001010000011
000000110101010101000001100010001010011111100001001110001001101101101010010101111111110010101110010011001001111001101110010111000101110000110001010110111101110111111111101000110100001101000111001110001101000110110011100100110011010111100010000
001111110100110011101010101001010001101111110100100001011000110010001101001001110110011001101100000100101001111000101100010011101001111011110111010010001100000011001000010111000001010000010100010001000010111000110000100010000011101010100110001
101001010000101001110111011001111010000111101101110010100000001110100100000110011101101011101101110010101110011010010001100011101000111101111001011001011111100010111000001110101111110010110101000110000100001011010110100000111001110000101011011
111010101000011010111110100010011000010110001001110100110000101000001100100000110101111110000010100011000001111110000110001011100001110010010100111001111010011010001001011001001110110110101011000101010010100011001000000101110111011101000001010
000101101101011000111000010010000010010100101101101000001111011100100010001111011111110101111110110000110111011011001011111001010100010000001111001001110001011001011010000101100100010101100100011110010010000100010101000100011010110000111101010
100011110000011010000010110001011010110010001100111101100100000110000100111101001101100011011101100100101100010010101000111100001001011110101110111101101101011100100100011010010111101100101110000000010101111010100000000011100010110011001111001
011101100111110101100111000100111000101101101101011101001111110001110111101010110100111011011101101000100110101110110100100001011100000111111010101111011111000101110001101010010001111101110011001000101010001010101111010101000011011101110100001
000111001110010110100011100011100010101100010110001100001000110000111000011101001011110100101111100110000111100010011010011111000100111111011011011111000111111010111101110111110111100111100011000111010110001010010110100100000000011110001111110
001100110011011010011110100000011001101011100010100001000100110011000111111011010111101110100001110010011100010011000011001000001011100111101101101111011011101110110000001100010100110010000101101100011110111101011000001011100100101000010000100
001001000111000010110110001000000100010111101100111011000110110100011010011101101000010001111000000010111001111100010010011000110001111011110010000000000110110000000011111110011111010001011110011001111010010100110011011110011100001111110001011
010101010010111001101110011010111100110101010110100000110101111000101100100000111101011100110001111111110110100110100111011000101111001101100111100100001001101011100110101111110001111111000101001001011000000111010011011101111001100110001100010
101010011111001100000010010101100010001010111101011010101110111010000101110000100100000011011000111011000000100001000111011111111100010000100010111101100111011110111000010011001000000101011100000001101001001111011111000000000111100001010100001
111000100110110101100011111000111001011111110110011010100011000010000011100001001101001100101100110011111110101101001101100000000000011000000010110111110001100111010011011111010000011011111101001010000110111101001011111110001100010101110000111
000010100110000011100000011010101000111010010010000110011011101011001000001110010111100100011111101000001011100101011000111110011110001100111110101111011010000110100010001101010001010000010001000111011011110111111010100010010100100101011101110
111111001111111101101100001011100001101000011001111100000101010111101001001110001000011111011111000000001011111010001111010111111001010101011111110001111000001001000111000111110001000110001101100110001000001110011011101111000110000101011000101
000011101000010011010111001110010011100001001011111011100110100011110111110000011110100000010110110111001000000110100101101100000001011100011111010100010110101011001010000110101010000011110110010101111100000000111110011001111111110011110100001
011010000111011011000111001011110100000110010111101110100100010001001011001010001011001110110101000110111001101101011100110010011110001110011010011010001001110011000101010001001001010001100111000100011110101011101111111101110100001100011110101
011100101111011000110110000111100111001101100010010110010100000101000001101101100010001110100011000000011011100001000111011001001111010000110000010110101000001000101011011011000110001000100011110001001011000101011010010101110100011111011110111
001101001101111111000100011110001101010011011101100100000001001100010010001100100000011011101110100001101111011100111010110100100100101000101000101100111110100010100010011010110000001010110110010001001110000001111010111011110010100100111110011
110101001100110100110111000100101010101110001011100100110010010011001111111000101000001000110011111010011110000110110011001010011011110100011011010010111010000010110111010010000001110001001101110001101100000100010101000111110111100101110101000
010011110100010111011100110001010000111110101011101100111111101001100000011000000011011111010100000011011011110100101110010111000100110111011101001011101110010110101000110010011010100000100111011101010001000101001010100100010111001011011101010
110110000001010000101101001010111111111011000101011111100101101011011011000111011100010100110001010011110101110100001110001111111110101100111000011111110110001010111101000011010111100110010101101110011101101111101110101100011011011010010001101
110111000100110110000000111100110101101001100111010101101110000010111111001001101011111110000011101111111010011011100011100111000001001110010000110010101010000111011001011011101010101001001001110101000110110011011110100110111011011100011100101
000100010110100000000101001100111010010101000101001110001001000010000100100001101101101011111011100110001101101110010000101101010110111000110011101000011010010101000110111110001011010010011111111001111111010000001001111011110111000110001010111
001000000010000001000101111111110100001001101001101011011101000111111011111100111001111110011111110001011000011101000101000001010000111011010101000111100111001001000011000001101000110111111010000010000100111111001011101000100110110111010111110
001000100111000010001110010100001011010000110111100011011110111110011111110011001010101000010110000100111011011000111000011101100101001011110001100010101011011000001101011001101011110111001111010000111100101100100010011101010110000101101000011
011011000010110111010101011111000011000000000000111101000111101011110000011101101110000111100100011001111101000010101010100011100111010011101010011111011010011101001101011011001001010000010001000111000010110010111010001110001000100100001100000
110000100010101100001001011101000101100100100101100100001101111100101010100001011001111110000110011110000111111101001111110010111110110001110000011010010001000001101110011110110110101100000101111000000111101110101101000100100011010101111010100
001011100111111101101110010011011010110111001110110110101011101011101010100001010100011101011111110111101100110001000100011001000011111011011000000000010010110010110001100110000110010110001011001100000001001001010111111011001111010000001111101
110101100010000000001100111101111101100101110010010111011001000110111101011011100010100000110100010101000001100110010101110011111110100100110111001101100010101101111001110011101111111101010110111111110111111110001010110000000010011001100100111
011000000001011000011111100001110100110101100001101101110101110010100101000100101001101001101100101001011111011001101000111000010110001010000101101001100000101000010010000110010001101011100111000011101111000110001011000010011000000100000101101
110010101110101110100101001001111100010010111110001000001101111111111010001000001000100010010001000001001011100011100000110111101001000010011011000111111001010001011100010001010010101010000010101001111000100110101101111000101111111001111001010
110111111010000110000010001101010001111110010000001000101100110011010001111111101011000100100111101010011011110000000000101110111101001011101001000110010000010001001000101011100001110111101011001000110010001010111010110111001110110101010110100
111101100100000110110100100111111001001110111011000111110011110010101101100011101011110001100101001110001010001001010010000100100011000001000011111010100101110110110111110011100000111001001101111110100000101101110011000100101111000100001110010
011010000001110000111111011001000110010000011100001011111110011110010010000100111010011001000001100010101100011100100010000000001111010100010110010111010010110000001111111010011111100110011011000001111100010010010011100100111110101100100100000
010110001001100100011111110011110100000010010010110010000010011010011101000110110001101001100111011000111110000000110111101101000111000001010010110011001000111010100001100001011010111010001111010100100111100110001111110000001001101011100000000
111001000111110010010011111101001111111110101011001111111001111101100100100011111101111111000010010000000100010011010111100101101110000111010001101110110100111000010110000111000011100011110001110011011100000001010011001010000110000011000001001
011111101110110100001010101011100010001011011011010110111001111001010101011011100110010110010101011011101000100100111000000111010110111110111100010000100010001100011011011001011101001000010000011010010001001001000100010100010111000101110010101
101001110001011000110011010111000110010010000001100110000000000000101110000111111001111011110101001000110111111011101001110111000100111110010100100100111000000000100011111100010011101100100110100100100110100101100100001100010011100100111111100
110111110101111010100011010001011100000000001010100110101000010010010000100010011000100010011011101110111101001000001100000000001010110101001101011100010111100010111101001001011111100011001001111011010011111110001101000010101011001001111100001
111100100000100001000111110011010110001111110111111101100111110001111100010110010110101001001101100001010101110100100000011110011000001110101100110101101101110011100110010111001011100011100101010101111110111010001011101000001111110101000100000
110101010110010100010110000101001011011000000100110001100110101010101100010101000001100001111000101110100111100011100100110001111011110110101010111010010000100010000100101110011111001111101011101010100011010110100001011010000010011010101001111
111011010011111011101010001110010100001001111101000101110000101101010111111001101100110100111001111110100101101000101100111011110100001110011101010101001011000001110001011001011101111000101001010011011001000001001110111010011100010101111110101
101001110100100010111011011010101000010010101010110011100000000110000101110110111001111001110110100010110011111011011101101111000111010011000110010011100010010100011100110011111001001000111000110111000100011001010110100111011011100110001101000
110001010101101001000001001011001100000011101101110011100110100011111011010100010111101011110101101001101011001100001011000001100011110110100100110001011001000100111010100010001100101101010111010000010011010000110101111000111110101100010010110
100101000110100101001100001111110011010001010100101111001100010001001011111001001001100110001000110001110111001110000110011000011001001011101011001100100011010111000011001010001110010000000000101000111100100010110110000100010101001101011101000
111000100001111011000101010101001010010001011000100010111000000001011111010011111111011000011000101111100111101111011011001011110110111011010111001100011001001100101001011011010011101001110100111100110100111101110101110101111010011011111110101
111001110010000001110100011100101011100111011000000011011100000001111011111111011010110001101100101101011101001110110100010010001010010010100000110110111010111010010010001010000110100110111111010001100110110010111111001111110111000010101111100
101100000001000100101100101110011110010100110111100001001000010110001100101010001110101110011010110111000011000001001010001001110100000101101111010001001010111101001001001101101011110011101001100011000110111101100101101110000100000110011011011
011011101011101111011010001010111100001011111001110010010100110101010101000111011101101001001011000011010110100111101100010100101010000001110011110111011110101110011101110110110001011110010000100111011111110111000101001101010010100000101111100
101011010000001011000101000000001101000010011101110110010010010001011101001011001110011110101010111001101111100000100010100110111001010111111001010001101110011110100101001001100000110000000110010010011111010101101110101110101111000100011000100
100011001010001010110111000010000111111110011100100011010101100111011110010010100011101010000010101110011000010001011001101011100010110101010111011101100111100100101011000010111110000000100100110001010110110011000011100100000010010111100001001
010010000001100111111000100010111010010101011000110110000000001010100101100001101100101100110011100010010101100001010110011011011010001000100000111001110111110010000100011011001000010000100111101101101010111011001101101101110000110011000111100
100100100110111101100100011000101010011011111101101010001100001100001010101010001101101110011000111010001110100110011100110011010000100111101001100011110010000000010100010110111010111101100101000010100110110100000101000011000000011110101000111
110100110011000111111100100001000001110011000101111010111111001101000000100001001101001010011001110101100010000110011011111100000101011000001000001010111011011000110101100110000011010011111000011100000011011111101010011101100101010000001111001
110010110010111100010001000110100001000010101111100011010111011010011000011101110010101001111011001001111101110111000101010100011101011101111101101000000110100001000011111011010111100001101001011111001001110100000101111010010111000001011100101
111010011100101101101110001111110000011100111101111011101100101100001000101011011011010101111001110000000101010110000100101010011001110101011111011110111101000100000101000001010001010001100011110111101011111011010110110100110000110001000000000
111101111001110010010110001010001010111010100010100100001111000011111101000110011100000100010110001001110111101111111000101000011001101000111111010011001001001001000100010010010010011100010010000000100011111010001111001101010010010011011111110
100011111111100100111011111111100011011100001000000110101001000011101000100011101000110100001111001011010110001101101010101111001011010101000011101010100010010011111111000111011101010100101110110011100111111000001101111101101010011010111101110
100110000000110010111110110011110001111110111110000011010110100101000100010010100111100101010100011000001010100100011010110101001000010100111101100111100000100001001000101011011111100101010011011000010101011000101010100110000111111100000110010
001011010101100101110011001001101011111001011101000110001101110111001000010001000001110110111000000101001010011011001001011000101110100100001001100001001010101000101010000010100110111100010101110101111000110000010101111101011011101010011100011
100110011100000111100001000100011110010000001101100100001111000100110000100111100001001111110010100101111001010001001000101100111100011001010011001000000000101110111111010011101001010001110111001011001111001100011000111111011110101001110001100
000010000100101101111100100001001111011001001111011001111000000011000010010010111011010000100111000000001100110011010010000010001011001000011101100010000011001100101001100101001110110100111010111101111110101101000110110010000000101001101010111
111001001111000100110101011100100100101100101111000000100010000111011110010100010010110000000100011011000011001100100100101110110110011110011111101100000001010000000011110110001111000101001011111100100011101111101000100011000100001001101110001
010110000001100011001010011100011000000100010110000000001001001100101010101010011000111111011101100010011100011100000000110000100000011101001010011110001100000011100001111000010100000001110000100101010101010111000100000110010100001010001010000
101011110111001000101100001010010000111100001001100001100011100101001010011001100001001001100000010100111000011011100110111111101000101110011010101001001110111011001000111101110011101101011101001011011110100110010110011110101000000110000011001
000010100010100100001001101110100010001111001010101001001001010111000001010111001010010000110101100101111000111010010101001010110000100001011011100111111101010000100100111110111001110100011110111110011000110100110100001100001000000010001111011
101111000011100101101011001111000001110011101101000101010010101100011010100100101010110100011010000100110101010000000000011100001011111101101010000001100001010101110000110111101011101101100111110001111000000111100110000110001100001110110010111
111111100010110011101101100110010111111011000100001001101100100010111111010000100010101100011011000101101000001000101110110111011101110110111001111000101001000010110000110101011100111010001010111101010010110000011010010010110101110110100011101
101111010000000111011111010011100110111101100101001101010110010111110001001111001111101101110111100100101011100101101011111111110111100000010100001001000011011111010101001110101010101010100000011111100000110011111100100001111011010001011001011
101111010000111100101111001111000101000000001001111010011100101000111100001010100001101111011110010010010101010010010100100000100101000011000111100100100101111010011111110111011010000110110100110001010100110011010101001011001000101011110010000
111011110010000110111100101110111000010111011111110000110100100110101011111001011010010100001010100110000000010000010001010110000001011001010100010000101111001100000010011110011001100001110100000000101111111101100000000000111101001001011110111
100001000111000111000001111011111010101110000000101001111000111011001100011110001011100000100010111100110101111100011001100000010011000101100000010100010010101001100111000011111000111100101111001110011011101110110100001010110101101011111110110
010110001010010001000001101001111110111011101111100101110001010010010011011001000100010011110111000100100100101011011001110111101111001101000000111000010010000110111111111110111010001001110101111101000000010111110100101100110011101000110001100
100011011000010101100100000000011010001011011110100001010100101101100101001001101000100101001000101010100001110100001000010001011100011111000001101110000010010000010110110110101001000111101101000101010011100001100110010110101010001111010101001
101010000100111110110000100010000110110110100110101001101001110111100111101011110111001001001101111110001010100010010100010001110010101100000001111101010101000011100011000001111001000101101101011110011000001010000101011101010111111100110010110
111111100000101001011101101000110010101011100100100001101110100011010100010110111000110100101010010001110101110101111001011110101010011101110111001010110101011011110101000001101011100001110100000000111001110011001101111101001010110010011100100
000100001000000110000001100110001110101011111000101010110100101001101111110101111111011010000011000111001100101010111101010111000111011011010101000100111111111100011011000011011101000001000110010111100000001111110011111111011010110000110100101
000010011001110000001110001000001100100011000100100100010101011011011101101011101111000110011011101011001111110110101101011101100000001001000101010101111010000111111011010111100001110101111010111111111001010111100111110111100101101111001111001
101100000010111000011010000011000111111001000001001101111011111101011111111000100011000100101011100000000011011011011100001000011001101011000111101000101111010101011000011110101100000100011010100001000011010000110110111100001100010000010100000
101100110000010111010000011001011101111010000101110010010001010101001101100001111100010010011101011001110010110100000010111110001011001010100011011101100110111100011001010010100110011110100011010000111000000110001111001010001000110100010001000
110011000111101000011110111111011100110001011011100001100000101110100010111100000100111000101001001011110011101001101011101110001110100001000111100100010110001010101011101111011010100001011111000010100101110001111010100010110000001100100001101
110001111010101101101101101011001101111110110011110011111001111010010110110011001100010001010100010110011101110111111111100100010010111001000000011000101101010010111111110011110110011111010100110000000111001100001000110101011100111010110110110
111010000011111111000101001100101110111100101010111100010111000010011101010101000001111111001110100101110111100110101010111110100000110111011110000101001110101011000010110101110100101111100000111010000000000010101111010100011111011000000010100
000100110000000110000111101010001000111000100101010000111111110000110000111110011110101101001001100111110000000000010110111011000110011001111111110101010110010010111011010100001011100001111010001100100100100100010100101100001111010101000101110
000111001010001000101101000100101101110100001111011010100001000100011011010100100010011001100100010011000011011100111011100010101100011000001001011001001010011111100100010110110100000010100001110011000110110000101011011111100110000101010000101
011011000011001010101110000101100100010111010110010001001001000111110101010111101010000010001101010001011101111010001111010001011010111101011101110010110101110011101101011110101010010100101011001010011101011110000110001101011111101100111000010
110010000010100000110101110000011111110000100111010110000001111001001010111010101110001101001000011111110101001001100010101100010001011010001000001101111000010011100011110100011001100011010111110110001100110010011011000010010011111000001011110
111111010100111011100110010101101010000011100010110110111111010000001101011010001101101001101011110101100001011100010111011011110111010001100001010010011100011110010001000101001010101101001110010001100111100111010111100110000111101100011001101
011100100111111000101110001001111110100001010110011011001101011011001100110100101110111011100000111001101110010111101110010011111101010010001001000011010111001000010111111101000011100101111011010011001100011101110010110010101111100011000111100
100001100011100001111110110011001110000100111010011001010011111110000011111110110110010000010101000001100100011100110110111100100100101011111001001001010010011111100101001101111111011011111010111000101100110010100100111111100001011001000110010
000110000010101001010100101101110001111000001010100101011110001101011011010011110100101110110111000111100110001101000100000101111000000000010101111100101100001010101110111001110010101000010100010100010001010001100100110100011101000100001011011
010000010101001101010001101111101001110001010011010000011011100110010110010100000100000010100011101100001110011011000010101001100010001110011111100000100101000001110000111010011000001101010101001101010100001011100100111101001001000000101101000
011001110111010001000000111010111110110110010001011000110010010010100101110000100011111000010101111111000010111111101010111110110010011101111101010000011111110100110001110101110111010010011100111001100010000111000100111000001010111101100001010
100000100000100010000100011101000010110011010101010101100010111010000010100000000100000000001011100011011110001101011111000010101001111111101100010001001011011000000010011000110001011000101001010110000010110011001111101110010001010111011110101
110000101101010101011000101011000111011010010111001111011110001100000000100001000000011001111011101101010011110011000111010101011100111010010011010001011000110100101111001101100110001111001010001000000110111001000100000000000101101100011111110
010101001001000000001100110101011000000101100100111111100011110110111101111011010100101110111101101001011001110001001000000001010010000001011000100110110000010110101111000000010000111000000011000101010000101101011000011000101010011110000010110
101000111010000101010001011100011000100001000001111101011011000111010000110100101101010001001110001100000101111110111111100111000000000111001001100000101100110111011011011111011111011101111010000001011000000110001000000000100001010011100111100
111110001100101111010001000111101010101010100010001000001111000101000100000100110011100110101111010000101100101000100100010110011001011010010001110010001011010101100101011110101100001111101010011010101001000101010001011010010011110001110001101
010010100011011111011011101000101100001010010000011101000110001011100010101100000111000000011011101111010011011100011000100011011000100101110100101100010111010011010010010100000001001011001101011110100111100001110010010100111100111101111000000
011110010001000101011000010011100000001100101011010110001111011101010110100101111011010111000111011000111001000011001001000001001011010000001001000111110000110000100010100010101101111110011101010100101011001111011011001001001000010110000001001
101110010110010111111000100001001111001010011111101000111010000110110101000100010011110110101101000000011110010100100100001110101001100110100001111100001101011101001100001100011100110111110010100011111001101111001110011000010100100001101001100
110000101101010111001111101000001110110100100001101000100111110111001100011101110000100101110001011100011001011001101011111011000110111100111111101011000111111101101010110100110101010101001110111010100001010001000101001101010101000110011100111
101000100101110100101110010001100110010001011001101110011010110110111111010010111100010110011001111111000100001011000101011011010101001100001010000001110100110111100111001111001101111001110011101010110001010001000110101010011011011001001101010
111010000000110101001001010001011010101101010100101010100010011110101111101000001111011000010010010011010001101000110001010010100001111100100001101101000010010011110111000110000001011010110000111111111101110000001010101000101101011000000011011
011100100000011110001001000100101000000100011011101001101101101010101101111000110111101101101110011010000101010100101011011111000100001011010111001000000111110111001111001111110101000100001011000000001101001110111110101110101111001011101000110
001010001000011000001000001011100101111011111001001001010110000101100001110011101111101010100001001000000101010011111001011110111101101011001110010000000110111111110001100001101101101001011110001111011001000010001010110111100100110110000001101
000001000110010100011101010000110001010011101010010111000111110111101110111101101110000111111001101001101000110110000011100010101000011111010010011100111100100000001010001011011010110010101001000000111011100000000011101001011100001111111011101
010100111101101110111010110010010100000011100110110100000101101011110001001111011010101111011000110110100010011100000111011010011000001111101000000010000001111111001111101111001000111101010011100011101001110011101101100010000001001101100100000
110101110011100011101110110011001000110001101010011110101111011010011011101001100001011001011011011100110000010010111001010101111111000000001110000000000010111110101111101011111100001010001001100010111011110110111100110100101100101010000101110
000101001000110101000101101100011100110110111011000010000111110000100001110111111011110011101000101001101100001101100100011101000101001011110011101001110111111010110101001111111111101100011110010100010011010001001110110001100011000011101001010
111111010101001011000101001000010100100011100101111011101010011001011110010000100111010111000000010001010100101110101101101011011101101010100100101010010110001111010001010111101110100111010100000101100000110011010000100011001110110101100100111
100100001110100101000001111001100100001000101111000111101101110101011101101100010010000010000110000110111001011111100001100101010111001111110111011000111111101010101010000100000001010100000111010101100111000001100100110101011100101110101111000
010110110011100011000010111100001100101111111011111000110011011011000011000110101000110101001101011010101000100010001100101111101111000111001100110100110111100100001000000101000011110010010001100010011101110001000111011110110010001000111100111
100000000001011110001101010011010111111111011010001101100010110111110100110101011010101101010011101000011001001110100101110010011100110100111000010011100110111011111111110010101010011001100011111100100000011111100010010101001010011001110011010
101101101111101100011011010110111111110100101010101010100000010101010101110110110010001001010100010011011001001100100110111110011000011111101110011111100111100001001010101100011001011010111001001100101111111010011110101011100001000101110001100
111011000001001010011100010111011100000100001100001101001000110001001101111011111101000100001001100000111110011000010111111111111111001110000111111100001100001100000010100110100110110011100111001011101000111010010010100001100010011001100010011
000011111111001011011011000111110111110110110010101010110100000010011111101110001000000101100100110000101100100100000001100101111111101000101111100110111000111111100010010010111010001111011001010100010110100011100100101101010001000001111100100
110110101110010110101001101111101111111101111011011110111010100110001001010010110011010001010011101110000000010111011000000000010110001101110111000010111011101110010110010101010000100001000100111011001110001011011010001001001111001000111001110
100100010011011100101010110001001101000110100000100110010100100001011000001000100001000000100000100001100000011100000000100001101011101010001111110100011100111101101100000001011001001011101001100001101101001011110011111111101000010101000000111
000110100101100111001001101101101010010010111111011100000011000110101111110111101011111110101000111011010010000100001100100011010111101001011010000001111011010110000011101010100100100110111011110001000000010000100011001101011110111100010011011
110011110111001010001000101110111011010110111110101000100001011111000001101010001100010011101011001011101100000110011110011010110111111001100000101010010100010110000010100010000110011000000001010010101001110100001101110011110101110010110100010
010000111000010001000000101100010000100011110001000010000010001000111011110000011010100111111010001111011011000101000010001101110001000011001110100010000101111111001000101100001111100011101010111101000101101100100101110000010001000011111110011
011101100110100110001001010001000000110011011010110111101100111000100011001001110010100011010000110111100010001100010101101001110100000110111000101100011010011100011111011101101100101010010101010001111110100100101000110111110010010001110010110
111101100011011111111110101110001001100101111001101000001110000011010100100011010101110101100111100011101100011110100101011110011100111100010100001001010111110010100110100001001111111110011110011110011101101101110100011101100110000111011101111
101101000000011111001111000000110110000000111100001000000000111110000100001001010000111101010110011110011100010110101001011000011101110001110000001011100100101011101111001000010101011001111001100011010111011101110001000011111101110111001001000
100001110100000000001011000110000001001101000011101101000111010010011001000001011000111111010100011010000110010111101011110110010001111110010010110111101011111001011111110101101010101001011101100010010110000110011000010000101101010011110001100
101000100001100011001111100000001000010110010010100011010111101110110001110101110001010101111010110001001101011001010011110110100001101101001110110000100011100011100001010001111011001101111000101010010010100110000010100100101100000111011000010
101001011001000000101001011111101001010110010111111100110000101111001000101001110000010101000111111001111111100010011011000011010000111011110001001100010101011001110010100110001111011011000011000000000011111101011001010000010111000010001001010
001011010010000001111111110001000000010100000001001111101010111011101010011011010000100100011111100011101111100110011110010010100010111111111101001111100011010101010010101001001110100100110100101001001000111100101101100000101111011001000101110
000110100111101001110111100011000101010101111000100001110111010101111011101001100000010010111111110010000100110110000101010100111111001111101011110000100110011000111011000111001110001000000110010010010110111000010000101000010111110001011000101
110001001010000011101100110101101000010000000101100111000011111011010101101010000011101010010111101000111101010101101000110111110100000111110100010000011101111011000011011100001001000110111111000110101101000101011001111111001100110100111001001
001000100011011000111000110100010100100000101110011011011100111101000101001011000110101011110011100001110100111111101011100111110010001010101111111011001110101000101010001100000010111111101010010001111110010000011111010001000101110010001111000
101010101100101010101001001011011111101101001000100111010100101111010101001011000100010100100011101000001111000011001101110100110101111010011101110011001000101010100010001001001110001110000010011011100001010010010001011100011111100000011010101
000011100101001101001101011101011001100001100011101110100000010111100101101000011001000100000000100000010001011001011011001110011110111100111110110110110010010110111011111100111110101011010111011011110001001111101111111000001110010101101010100
110011101000111011000011000101100101101100101110010111011011100100100000100100010001010100101011000000000010111000001011111000011000101001001011000110111101101000101010100101010001100010001110110101011000010000100110100011100101010100110001110
000101101100101011111010101001001001110101011010110101101010100001011110111111100011010101000101001100011101001001111110101000111001001101001010111101101010010110001111001011111110100000010100010100001110001111101100000110111010000011010110001
001101111001100100000010111101100000011100100001010010100101010100101001011110111101100010000010001001000011101110110000000000110110100000110000000000101110011101011011010110011101100100010111000100000100000010101000101010100101000111110100100
101010011001110000001011110011000111111100111110101111010110110111010011111001110100011111011110101101000000011101110000111011001000010110000001011100110011001101000111100001100101011001010110000100011000111010011010011111010101000000101010111
110111111111000000000111101111110000100000001000011101011100100001100010010100011010110000010101010111011001011010101010011011001011110010101101110011110101111011100111111000000110111011001100111010110101000110110101101011100101110000101100011
101111101001011011110111011010100001011001110110010000111101101000101010011100000011111111000100011001010010001010101010011100000001110000000011100001100010100101100111011101110000011011110100000110000010111100101001001011011000000001010100101
100011000100110001000001000001001010011110110000011110011101000011011101100101110001101001100101000001001011011101000110100000001000011100001111011101001010000110101000100111001000100100011010010101111010011001010010101111000011011111001010001
010001001001111111111010000001111111001101101011001000110001001111011010101010011101000001111010000010001010101000000100100111101001001100010111000110101101001110011001011100000100011000001111110010011000100100100001100110000101111100001100001
101000010101001101000010001010011100100100100011101111001011111011000101010010011010111000110100000001111000100000001000101010101110100101001011010110111011011001001110111110101110111000100101001010110011001011011010101111011110100001000101010
000001101100100010101110011100100100000110101001001101000111101010010101110011100111111000101011001010101011011110100111111100110011100011101110001110000011001000110101011011011000000001000111011010110010010011111000000001001101111000111110001
101001001101101110111010010001001100011111000111000001001011100101110001000011111011110010111000100000110101111001001010010001100110100000110100111111000011101111111111110000100000111100011001111011001101100100100000111101110100010111101100111
010001011100100000000110011111111000011111111000000101001000001110101001011000010110010111100000001001101100010010001011010100110001111000001001110111111000010101011011101000100000000111001101001000010110111101100000100101101101010101110000101
011100101101101110111101011111111101001000010111111000001001101011101110101010101111111001110000000111110011110000110000010000111001011111111100111010011101110011000001011010111000100001111011000111111101100010111001111111100110000001011010111
001010001101011011111000110110100101010001100100100111110001011101101010011111001011111011010010111110100011011110100000101000001110000100101001001001010110101001000010100001010101101101001010010111011101100101001001100011101111101001110111101
000010000000111010101110101001001101001111000101010111110000111111001000111100000010001010111010011011011011001000101000000100000101000011011010110111010110000110010111010100010110001010001010101010110110111100111101011010101100010000001110100
010001000110100000010110111000110101101110000010111000101101001111010011011101010011111000101100011111010100011000010110100110110000110010100111101100111001000011111010000001001101011001001101111111101000101110101001110110111010101111000110001
001000010001011101010001001100110000101010000010110100110001001110011000100010111101100011110101001101101011111011001101100011100110111010001010111111011100010100110100101100010001011111100111101101000101010011010000011110111010000100101011111
101001011111110000100001100001111010100010011100101101001111001010111011000100010101101001110001111100010101010100000111110100111010000000001111101011100011011101100101111001110110110000111010101010100101010101100110000010000001011010101000000
000000111110111001111010000101010110010001010111111110001000000101010010110011010110110011010001100110000100101111111111010100101011101000010010110000011101000110000011100001110111010111110110000010000001001001110111111000010000001110111111000
