65
10011001100001110001101111001101111010101010111000001000100011101
00011111110101101101001111111000100110010010001000100011101111101
11001111111111110011110011111011011111111110011110100000111011000
01110010001110011111010110011100110110100101011000110010000000000
00010111111110010111100110010011110011010111111011111000001010001
11101111010000101110101001010111100101010001001010100011111010101
10110000100100000010000100100100001110001101110101101010111101110
01100001001100000100101110100010000101011011110101011000101001111
00001010100100110101111010010010101000000010010110000111001011101
01101100101010001100110101101110000111110111101110010001110100001
01100010101111101000001100110000000010010010110010011000111000100
11000101111100101100001000100000110010111101110100110100010001100
11011011010001010111111001011111111010000100110000000000001010000
11101100000010111100101001110011010110011000100001111101110000000
10111001010111011001010110010000001101001110011010000010111001110
00101010100100100010001010110100110010001011001101011101001100110
01010101110001001010001110111101100101000010000010100011010111001
00100000101100110110011100011101110101011001011010010000110010100
00001001010000001101010001000000001000111110100100100010111110101
10000000000101101001001100101000011111111100100010111010000100111
01100110100111000111000101010111010100010000001111110110101001100
01001110111000011010110011101101010101001110100011001000111000010
10001000001111101100101111100101111011101100110110101010010011100
01001111011000111000100110100101110001101010000110000000010100000
00001001010000011100100000000010001010100111110100010010111111010
10100001110011101101100000001111001110011001111011101010111011001
10111111100100100110101110011011110101111101010010110111100000010
10010111101110000100100111000010001100101101011101111011111011111
10010010011100010010001001111111101101100001101001110100000111000
01011111101011000111111100001011101001101011110011000101010111101
11010011101111011001111010101100110011110011001110000100111101011
01011000110011001001100111010010101100111101100000011110111101011
10000110011000101011100100100110000111101110010011000101011111111
10010111101101001010101000001100100101111100001001100010110010100
00100001000110111011010101111110011110010111110001110111111010100
01110011110101001011101110110000100011111010011011010010110010111
00001110100110111110111010101111110000001001011001101101110111010
00111011111010100101001101000011000010101101001001011100011000010
01000010010101000010001100001101100101001010000010101010100101110
00111111100100001000111111101110111000101101011010000101100001000
01010010111001100100110011001001000001110110111111001010110011010
11100001100010100111100110101110100111110110101111010011011110110
00111001011011111011111000010110111000000110101000000001101110011
11001100101010110011100011100110110101010110101111000001111011011
01111000111011001111110011111000010001001000101010111101110111101
00111000011111001111101001011100110010000100100111100110110100100
11001010101001111101110001111101011110110001001000110101101101101
01011000101111001100111001000001101100100000100100010110101001101
10111001100100011101110000011100011110100110010000110010011000001
11110101110100010110111000111101000110000011100100101000101101000
10111000000011001001101000000000100100111101110010110001101100001
00000110000101011001111001011100101110111010010011000101100110010
10011101110010000100100011100011011100000111101011100011101100101
10100111001010010010110000100000111100100111101100000100001011000
11010011001001011110011110010000000000110000110101111010110101000
00110011110010101111101011001011011001101110101111000111100100001
11110000100011010011010100101010110000001101101001001110001101111
10101011001011111101011000110111001001100100000101010001010110001
01000110110000001001010110100110010000101101001100100001101011010
01000111000010011000100000000011100101110001111010000010110011011
00011101111101000110110010111110110001011110110110010010010111010
00101000011100111010010111010101100101100000010110010011000111001
10010101010111110101010101001011011001110111100010110011111101110
00000001100010111001000000100100100100001101011000101100101100001
11101100001101001010111010101001000100000011010100101001001111101
