65
01001010100000111001010001101011010010000101011000011010001001110
00111001100111101111001001111100011000100011011101010011110101100
11110000011100101001011101110001010101001111011110010011010100111
00110000100001110011011000001101111000100100100001111010110101111
00111111101000010011011100001100100001001100001101100110110111010
11011100111010010010010010111000110111110000101000101001000110011
00101000110101110101001000110111100000100101010101011001100010011
10011100100010100001011001001110110100101001111111010010000101100
11111111100001101010001011000111011111011011101101111001110111011
01010010010001000010000111011000111010110011010011000111001111000
01101101010111011011101111101011100100000010100110000010101001101
01110100000000001001001101010000100101011011011010011101110110101
00101001110010010010010001001000011100000110011001111000011111100
01000001101000000000111000100100101001010110111010101100111110011
00111110010101110011100100000000110110100111010000011100100110000
10000000011101010110001111101100001011010011110110001000010000100
00111101101101111000001111011101111111010000101011101100111100010
11011110110100111011110001000010000011010111001010111101001000100
10000011111010000111010100011111100111011110010101010011101100101
01001010000111100010000101011010010011001101110001111100010000000
10110001001101100101100000110110101111110011000111111100011101001
00110110010001011101010101111000111000110101011001010000001110011
00100100110001010100011100111110111110000011110000001001101100010
01011011100010110100011110001000011100111001010101110100001010011
11011001100100001101110110100001110000001000001001001000100100011
11100010000111111001000111100011011001000101010001101011010010010
11000110101101000100001110110010100010000100001011001111100011111
11100011001101100101110011111011100000001110010010010001110011000
10000100100111110011101001011101010011110111111110011010110100101
01011101100101100101111001101110111111100000100000111011001011010
11001101110100101001011110101101110000110111100001001010111001000
11010100011111000000100101101100100100110000110011100001000110001
01011011010011000110010010111110111101110011011100111101100100101
11100010001110110110110001000001010001101010100001101101111111000
00100100110111000000011001101110000100110100110000110100101001010
11010110111101110010100011000101101100100001010001000011100101101
11010111100110000111101000111101011101011001000100110001010101001
00001010001110111100010000101111001110101100010011110101111000101
11110100000110001000011011001011010111101011000001001111000111001
01011110110110000000101101011001110011010001111000010111001101111
01000110101101001011101101011111001101111100001111000100100101011
01011000000000111101000010010101110100110000011111110010101000100
00111000110101111100011001000111001110011010101100110011111101100
00001001001101010101000101000011000010011000011011010000011100010
11100111011010110110111110101110010111010101110011111011000111011
11100101100110100101100100001001011001001101101001001001000100111
11010000100010100101001000101010101110100010111011110001110000110
00100001100100101010010000111110110000110001111101000101000100001
10010011000011000101111100100001001101111010110110101101111011100
10011010011010001101010101111111111101000110100000101101101110101
00101101001000101100010101100001111010010010111100101001001100010
10111000100110010000100010100000001011000010000111011001001000010
10110010110011010011111111101010100111111011110100101001000000011
11101010010110001110111111100010100101011101000100010111100000001
11100110011000100001000010010001100000001100001000010101100110000
11101001011010001011000110100001000111010001111110001101111101010
11010011111110001011011011000111100011100001110100101011010110010
01001011001001100000010101110110010010100000000001101000010100000
11011110110010101000100110110011000110111011111111011010111100110
10011001101000100111011011001111010100101110110101111100111101000
11110111011101100010100111101011111110111110000111000010001011001
01101111011101100011101000010110100001011011100000000011011100001
00011000110110011101001010011011101011111011000000000111001001011
10101001110010001000001101110001001110011110011101001100100011000
11110100111110000010100001110101001110010100010111011000011001100
