76
1011101010000111101011000101100111000010100101011001010001010010111110001000
1010100110010101000011001100001111010111010111001101101101001011011010000001
0101100001100010011001100000001001100111001010101011110011100101001000001101
1111011100011011101000001010001010000010110010011110111110101011100010100000
0011101100110011000111111101011110011110000010100011101110000000001001110111
1001110100111100001100011100111110101111101010001111111010000110101100111111
0101001110111110011010011000111011011111111010110011101000100101011000010100
0010010011110011011000111100110100100000101010110101100111010110000010110110
0100001011101001111010110111001111001101101100010101011110100110111001010111
1101000110111010101111011000010110111000100101011110111000010001001110010100
0101100110011111110010011110101011110001011110010010100010011101011110101110
1001001110110100000101001001001101101011100111001001010101111101100101100101
0101111010100010010110111001010011110101100111001000010111011110011111111110
0100000111011100101111100111000011000101000001011110000111101000100101000010
0110111000101011011110100000011110001110010011001100111110000011010101000100
0000111101011010111001001011110000101111101000110100001111001100011100110011
1000011100100011000001101011001001011001001000001000110111101110000010001010
1100110110001100010100001011011101111000111011111011111110011000110111111111
1100110010100000000000011010100001010101010000011011010010000110001000001010
1110111011110110101001000100011111111110101111110011011100100101010000011010
0100011000010011010111100001000100111000001101111101010010011110001101110110
1100000010100110010100000010010111001101000000011101110001000001111110101110
0111010001011101001011010101110100001111110010011110110100101110011011110100
0100000001100000011000100010011100011001001010000101000101010100000001000111
0000011000111101001010101011101000100100101000101000111101100110111010000111
1110000111110001101010000110010010101000010100010111000001111110101010010010
1010000111000000000110000000111100111011100101001010110011100101001001111110
0100110101100101000010100110111010110111010000101111000100111011101000010010
1000101011101010000110000100001111001001101000111010011100001100110100010111
1010111111111110101111100001111010000100001000010001010110111001000101111000
0010101100110011100110011111001000111111111111111000101100110010101011010100
0001001110111001100000111111100011100010110110000110100100110101110111000111
0000010101010100000011111000110100001111111001111001100001000101010111000100
1101100111100011011111010101010100101010101000011110011111110100100100110110
1011001111010010110001000110001111100010001100000101101001101000011110100111
0000110101001110001110111110101100011101111100010100000001001000111101100100
1011001100110110001011010100001110101010010011001101010010110110101000111100
1110101001111111010111110000001001110100010011101110111011001111010101010000
0101010011110011011000101000100110010000010001100100000100011011010101110100
1010000011111010111001100011110100100001100101100101111111111001011001010111
1111011101101110110010010000010100110110111011010100101101000000011001101100
0010011000001111001011001010110101010101001001011010100011000000010000101011
0101010001011011111110001100000010000000111111101001001101100110110000111100
1100011001000001010000000101001111101001011100110001000000101001110101010010
1001000100101111101011101001011011011000001000110010111101010001100111011011
0111100100001110001111011101100110011000101110110001001101011100100110111101
1111110110110100111010110111100011110110100000010011001001010010010001111000
0011000011111010100001010111011110001100000010000100110010010100111010001001
0011011010011000101101000111100010110110110100011110001111110010010011011001
1100010010000000010010001111010000100001110100000100001111101000101010000111
0000111010001100010110010000110100111011011110010011100000101100010011110110
1010101111010001010110101110111010001100101110010110010011011000111101001100
0011011100011111111010010000010010111100001100011010101110100101011100100000
0000011010101000101001010000010010011011110100001110011010100000010101101010
0010110011110011000101001010000011100000110001101100010110111001010011100011
0101111100101110001100000101101100110000000000101010110101001111100001110101
0000100000001111100111000111110011110000001000010110011100011001101110100011
1011011000011110101001110100101010110001110100010010110111111001011110101101
0011010110111110110110100010010101111100100101111001001110010110000000101111
1000111011000111100100110100010010101001000000100001000100110011010101100011
0100011110100111011011011110100000100110001000101101000100000010010011110101
0110011100100010000111001000010010000111010101101101111010100100111111010001
0010010001110111111110111111101011011000100111101011001100000111000011101100
1101110000000100010100100110110000010101110000110011100110001010001011110101
0010011110010011000001001010100101000011011111010111010010100000010000001001
1110101100010010110101001110001000011010101110011001011010000100111011001110
0110101101010101000111110100010100010000111010100010011110100000100110000011
0111000001100011010010001110111110111011011100110010001010110111100100100010
0111111101111100000110011000010110111000101011011000010100011001010100100100
0000001110010101011001101001011111111101000100111100000001111010001010011010
1000000111001111001101000101100000101010100010110010000101011111001110101000
1011000100001101011001100001100110110010110111100001000100011110001100101011
1000011100001100101010110011011011111001010101010001110110000100010110111011
1001011011000011100000111011000011010001000100001011010101110000000001110000
1001101100101001011000001111100011100001011001100001010001100100000010001000
1111010101101000001001011100111110100110101101011011110001111010110101110001
