48
011111000010101100000011001100001010100100111110
100111011001000011100110000010000000111111100110
100100110101010010010110110100111001011111111111
000001100001110011000110011110001100000000010101
010111011011101000000000010101101010001111001001
101000000111111000101000000010110110110101100010
100010010100111011110100000101111101101001101010
011001001101011011100111100000001011010100000001
001010111111000111010111011001001011011011011000
010100100010000111100000100101000110110011011000
000101100111101001101100001001101000111111001001
001001010110000010110001100100101001001001000001
111101001111000100110100011011100001001111101010
111001000111001101100001011001001000010000110011
011010011111101011010001101111010110010000000101
110111101000011010011110100001000001001101010010
100010011001100011111000011111000011001100011001
011000111100010010110110001111011011010101001100
001110100110110101100011110010110000011000010100
001011010111010100001111110011011111001100110110
010011000010010011001111110001101010000111000111
001111110000001111101101000110001010110010011110
000010110011110010111100100100001010111111111100
010111001010010111000101111010001000101001011101
100100010011110110000000110011001011011100010011
010011011001000011110011010011011101010100101000
100100011010000111101100110111111110100100010011
000011000011101101000101110100111111100011011000
100001110001101001101111011111100001000010100101
110110111010011011010101001110001111011011001101
001111010110000100101010011010100100100000111111
110101101100001111001101010111001101000110010000
101011101000101101111101111001100101111110101001
101111010111110001110101100001101001101110100000
110001000110101100111010001110000110010111100000
101110010111101000111100111010000100011010111001
011000010010000101010000010100011011100001101101
110111100000110111010111000011000101110001000100
011111110010001000000111111010101101001100010111
100111011100110001011011101011111010101000001101
001000101110100010000111000101110000110110110010
000011010100110000001111010000101101110110101111
010110110101111011000001110111000010011000000011
011001010001010100100011111000001100101001000010
111000010011000111010110111010100101110100000000
101100011010011000001100010000001111101111101101
011010101110001000000000100011011010010000000000
110010101000110101011110101111100001011010010010
