178 1
1101111001110111101000000111010010011111100110111100101000001101010000101100000101001111001010110100001001110010001011100100100111101100000100101100010100000100101100001100111010
1111011001110001000101111101110001110101000111010111100111101011110101010011101110100100110111111000001001000011111110111001100101100100001000111000011101010110010111110101000111
1110011011100101001110101110000000000110000011010111011110100110011001011110011111111110111000001010001111011111011110010111011010010111111011011111101011110101000100000001100001
0011101010110010010110100011010010000101110000010101100101000011100111011100100111110110001111110100000010000111101001001010101101000111110101011100100111101110100101000000111000
1001111110000100100100001001000000110100101010011011111101011100100000001011010100011011100011111100101101111011010000100011000101001011011001011011010010101011111101010000001001
1001001110100100110010110110100011011000100011010000100111010010110001010110010000001110010010010011001000110011001001000011000101001110000001010010101011001111001001111111100100
1101101101110011000101001010100011000100011110111110100011111110000100111101010111001000010000101111101101110000110000011111111110111100011011110001010110100101110000011001001000
1100111111011110111101011010001110011111011011010001110101100110111101000110000111110000010001101011000110100110001010000100101101011000110011110011110100001101101000111011101001
1110100001111000111100101111100000100010011111010110111111001100111111010111100111111000110101111100110011001001111010100000100001101111111010000110011011100110100001100110111101
0100010110100010001100000010010001101101100010110011110100110101010100011101011101111111110101110101100110110011110101100010101100010100001001011101100010101001000011101100010100
0001010000000111001001110011100111001001011011011100001111111100100111010111011110010001010101101011001101001001011000011010011100000000101111100100110000111011010011001100011010
1011001101111000100110000011011111010011000001010110001011011011110000011000110101110001101010111101000001010101000011111010111011111010110100000001110111000100001100000010110010
0100010000100001111011000111111010010111111000110011111001100010100110100101111111100110010000010100000011101000011011000010100101100101010100110010001011000001100110000111111001
1111111000110011000111010011111000001011001000101101011101110010110010010011010001110101111100010011111000111111111111100111110101101100100111011110110011101001010010000101000101
1111101101001100111110100111010011101011100001111100101100101101111111001010110000000110001101111111000111111101000011010100000101111010101110000100001011011110011110111010110000
0010010010010110110000010010110010111110000110010100100000011001101001110111111101000100001110011110011100010010111111011100100110100110011101011010111011101101000010001101011110
1111100101001000100011110101001111100101101101110101101110111001110000011110101010001011000010110111101101010000110011000101101100000101110110001011001110000101111111001011111010
1010100000100101010100111100001101000111110111000111111100011000101100110000101100001100100101100011011000010000111101101001010000111001110010011101111110011011100001111100001110
0101000110011100000011001010101110111001010001101111110011001010000011110011010101000110010001110101001000010011100111100110111100100001101011110000010000111110111100100011100000
0110100100110110001111101101101011110100110000111111011111111110100110001101001111001001001011000010010111101011111011111001000011111001111111111100100100010100111110111000010110
0001001010110101010101000111111011010110010000111111000000100100100101001000000101100010101111001101110001011001101000100010000111101100101100100101100010001111101011110001011111
0000011010000111110010000000110110111111000111111110101110111000110100101001110100101001010000101011001000111101110010000101111101010101100101010100111011011011000100001110111001
0000010011010111001111100010001011100110000100110001010110101110001110101011100110101000100101101100001101001100011011010001111011101100010000110001001001100110111010000101100110
1010100011011110110000010111011110111110001100011100000001001100011101010010001011101110000111010111101100010011110010000111110111101001101100001100110101110001111011011101110011
1101011000001011101011101001000110110000001000101000101011101110001101011100001000100000110111101011010110110001100000100011101000111011111000011101111010111001000101001010011011
0100111100111000010000001001010010000100110101101000001100010011100010100011111001111001100001111111001010100110101101000000100100111000010110011100110110011011110111101011011100
1010111111101000101011011011100101001001100101001111111110101000101101000101100101001010100000001100110100001110110011010111000110101000111100100000001000100111111010010101100110
0101110011100110100000110111110000110000110110110101101001110010011011100011111010100010010100011111101010001111111011001110100011110000101100011000100000001101010100000000000111
0000100001100101000010001011001000000101000111001101011111110111010001010110101100011010101011110111111001111100101101110000000110101011101101100010011100100100110011111100101000
1100001000001110001101101001100010111111001100000101010100000000011110010001011111000010000000110100100011101100100110111110001110101101111001011001011010000101001001011010100011
0011110111000111111010000101010111101101010000001000101010101111000011100000110011001001111000010100000011011000100110111101100100000000010100010011101111010110101011110110011111
0001000011001101010000000111011010101011000101110101011100011101000001100101100011111100100010000110011111011000011001001011011100100000001010101010011111100010000110100001100001
1001011010100000011111101111110011101110001100010000011110010101011111100001101111111101001101000010011101101100101110001111010001110001011101011001110101111111110000001000101101
1100011101111100000011110101101011000000000010110111111001111100100110101011000011101110000001000010101000101111110100010110110000010101111111110000000110000011000010011111001100
1001100010000010001111101011111101000111111000010111000101101010011110101101111101010101110110001010110110111111100010101000110011100001100101001110000001101110100111100111010101
0001010001010010100000101001010001001001101100010011000001010000000111101111111111001100001101011001011010001001101101100101101011000001100110001101000010110110001001011000100001
1010001101000110111100101011001110100100100001111101111001101111111100100001001110011001101100000011000001001010001001011011000111011111011101010001000001101011010110011000011110
1100011011011111001010010101100001110111110001111001110011011111111000110000101111100110110101000100001111101100010100110011111000111010010100001010010010101101011000111100111000
1101110100100000111011000000110000001011111011011111011100111111110101011000001010111101001111100010011000100001011110110101110100100110001011101001011110111110010110101011011001
0101110100000010111001110100100111110011111010011100010110100010101000001111010011101101010000001100001111011110101100111001111000011101000001000010110110010001110001100010100101
1000111001001010101010110110101110111010101001100101110010101111011100101110111000111110010000110011000100011111110110100101000001111010011100000001001011010111100111100001111010
0000010000000111111010011001000010011000011111101110110001000011100010010001111110000110110010000011111101111100111111110000110000100110110000011111100000011011000101111011100011
1000100011101010101011101100011001111010001111000100110010111101111010010111100001000101011000111001101000110101010001111001010000000010111100111101010000001011111011111111111011
0011010100000101000110001100100110010100011011110101111001001011001001011101000001001010001101101100110111100110101111101001100111011101100101110010010111100001011111110001000110
1111001010100110000011100000100000100100101101101011010100111010000011010010111111101001110010110000110001101100101111011101100000101011101001100101011011111101100111110011010110
1011101110001110011010010111000010110111111101111000010111100001010000011110010111001100000101011111111001100011001101000100101110101110110001011111111100101010110110001100111001
0111101001100011111001001000000101001100000101000110101101101110110110110100000010000000110101101100010100001001111100000001010001100001011110001010010111111110000101010010100010
1011011010101101010110010110010000100001000000000001010100110010110111001110000010001100101101011000010101000010100010001010110010100001101100101111111100100111110111011100011001
0011110001011000000100001000101000110111101001011010111110100001001001000010001111111111100111110001111011110011011101111110100001100110110010100111000101110001001110000100010001
1110100001001111100101010101000011001101000011100111110000011011000101110000100010101011011100111011110000001110000011010010001000111011000100000011010101011111000110010010111101
0100001111011000010100110010001111001100000101001001011000101000011000000010011100110111100011101110001101110110110001000100111000000111010010101001101011001000001110010100101100
0100010000100110111111001100001100010111111011010001101111001000011010101100000111101110111011110001011000010110111100000010100000101010100100100001001100110010101011101101011111
0011011101000000101111001000101101111110101000011111101010001000111111000011111100101001001001111010011000001010001111110110111010001111000011001101001110000011000010001100010001
0011001101111010000010101100101010111010011110001000111101000111000011010000110001111110101001011000110100110000110110100001010100001101010100101011100011100111010110100010011000
1111011000111100110111011111000001101111101101101100011101111101101111011010000001100010001000111111001001000101011001111100110000000001010110100010110101100110001110001110010000
1101111111000010010010001010000111101100100011011111000001101111010110010001010101011010110111100000001110011001010100011111110100110011010110010101000011100001000110010001101010
0110100111101011011010100111000101010000101011010000011111100110001001010010001000110110000110101111100111111001011010111010101111001000000011100100001000110101101110010101100111
1000000010001000010100111110110101111010001011010110110101110001100110110101100100010011010101101111111001111110111001011101011110000110100010010000010011001110110101101010010011
1101000001111011111110100000100011101110010011010101101001000010100100000101110010011100011111100000111111010010101100101100011000111111001111110000110100001011000111010110010001
1110010100010111001000100001101000010111101011010111010011011110010101000010110110010110100011111111010010110100001100110111110101100110101001100000110101101011100001101001101110
0110100011011000110101110110010101100110111101000010001011111001010101011000010001010011000011010001000110111111100010111101000011011000000001010001011001111100111000110010101100
0101100011101001001111010011100101101111010110011110000000001100010110010110111111111110111001101010011001011000101010100001011000101110110101111100110101000101110100001110101111
1011010011010110111010110111110110000010001011010100111001011100111100111010100110001001001011100011100110111110011000011000001011101001011011110110111000000000111000100100101111
0001011010110111110111110011001010011010100010110011101100110000101111111100111011010010101110001100010100000100001111001010010101110001001001110100010011000100010001010111010000
0100011101100010110010111100111000011110100110100100100000111100111000001010011011011001000001010011000001100000001010000001000000011100100010011111001010000110011110010011111001
0100111111010011110110010101101000000000101110110010000111110110010001011011000011001011100101011000010101001011011011011110001011111111100110001010110001011100011101011010010001
0101011100011101010111110000011101011010010111000001110110111110110000100100011010000110001111101010101100011000110100000101101101010111010000100100000100111010100101001000001010
0010000111110011110011000011100011111110001001100101101101010011100011010000011000001111010001001101101111111010110100101111110001010100011111110010000110011101001110101110001011
1110111010001000011100001100001101010110011101001000000011001000010101011111000010100001111100111010010101110110110110000110010100000111110101100100000011110001111001111010101110
0010001100101110100011111110100010101011101010100001000101101110110010111010001110001111101111100110001110111100100110001111011101000000101000100100111000110001011100010011100111
0001100001100101111000001110100110010110101110100000000010010100010111101111000000000111100001100000100010110111101001011111010101001001010001000011001001010011101111001010011110
0001010010000111000111111110101000100011010001011000110001011101111001100000000000011111001011010101111000001000101010001010001010111110010000110000100011000100100100011100101010
0011110110010110100111000110111000000101011110100010100000111110110100000011011011100101010011010001000100110000111111101000111111011010110101101111011010100100001011011011011010
0110000100001001111111100101000010110111101011110011110110001000110111000001111100011110110010111100000101000000110010001011110011000001111111011000010100011111000010111010111110
1100111001011011100101000101111100110101001011100001111100001010100101110000111101000000101110011001011101011111111100011110011001100000101000110100010101111111000001111111000100
1111011010011011110110111010111110101001011010001100011011100011001110111010100100101010010010010110101100011010101100011110100010100110100010001001000110111011000001100100001011
0010100000100011100010101000101100110000011110001011101110011000101001111011010011000010000100001000001001101100001011001101001101110010011100111001101110110011111101000001001111
0111011010011000111011000011110010111111010001110011001101011110001111011010110000000100100000111101111011011011001000001000101001000110001100101010100101111100100011010000000110
1111010101000000001100001100010011111110000100011111001111111110011011101100110100100000110111110011001100101110110000101000010100010100111111000010100111110111000000001010101111
0000110000000111000100111010011010111101010011010111010110100101110011000111111010011100110111000110100011010010101000000101011011011111101111110110101010101101100111011011111010
0110110110010111001011010011111000001011010010110101010101110111101110000001100100100010101001100001000100011100010101010010110011101100001001111110111111011011000001000001001001
1101010101000110111101111101110111111101001111110101001100011011011011110100011000100010100100101110000010110111000110101000000001101101101010001100000000010111010010010101000101
0110111111110011101101101100010101011000110011011011100101001110100011110110001110000010001000111011010111001001010000000101101110000010110101001101100111000101100010011001001110
1101011101001100000011101000011101001100010010001110010110110010100000110010111100011000110001001000001111001010001010101111010011100001001101100010011000001010010110000010101000
1111111110000000100111011000001111011001100011110000100110111100011101001110101001010110101101101011001001000001100000011011000011000100111100110010000010001011110000011010101111
0010110010100001000100110000100111111110100101011101001011101111101011011110110001010011000001000110111101000001101011111110101100100001100101100111010011001110100010001000101000
0000101100111100101001111010000001101110101110001100001000000011010001010100110111000001101111100110101110010101101100011011000100110000110100101110000001100000001011101101111111
1010011000101001101010101011000101000001111110100011110110110011010100011000000111101101110010110100000111110110011000010111110111110110010111100010001100100010101101000010000111
1111110000101100001100011110110101100110101111110011100110101000010011100011110011110100001111011100001111101000000000100010110000000010010000011110110001110110010110010101001010
0110011011010110000000100110000001101100010001010001100110001000000001011001000111001111111001111101001101111000001001011111011010010001001111101000110010001011011000011001011111
1010100111000100111011101000011100110111111001011110010000100001101011000010001101001011110000111000100110010100100100010010000110001011111011101100001000011110011000100000101101
0010011110100001101011100100100101010001001000110111011011110010011100010010010001010000110111111100110110000110110111010111100110010010110000111000001100001110101110101011110000
0110011011111000111111100000101111101101111011000100101001111001110110111011100101000101001011101101111110111111001110010110110001000010100000101000011011010110100000101000111011
1001101110101110110111000011100010010011000010110100111000100110001111011000010110111100010000011010101100010000100001001101010001010001111101100101100111000101111101110100111110
1010010000000100000010101110001101111110101000010111111111101110101000000000000110100111000011001011100110101100100101011110110101001110111010000110010100000011001110111011110100
1100001101011110110101001011100001000011011110111000100001001111000101101000011100010010100111011111110101011110000001110111000100100000111000111111001000110111001110110100100110
1101011000111101111101111000101110100000100000011111100011100100000010100010111111011001110110001100100101001010111111101001111100110001100101001111011110010111001010111001100110
0100101000111011001101001000100011010110100010110110000011100000111011010110011000101100010011111101000111111100101111110111101011011011101100100011101010111110110110000001101001
0110000011000101110110010010010101111111100111100000001100111110011001011101011101000100110010101001110100101110001010110010001000110000111000011110100111001111001001111111101101
0101000011010010111100001111000000000010011010111101010100000011101101001001011001011001101000111000000010110010111101010000010110111011110110111110111101001101001010101001000100
0110110000000101100110011010110100010011000110001101110110001101001010010100101000011100000000010101000000110011110001100111101001101010100011100110000111111101101110010011100101
0001001010011000110000001001001110101101110011101111000001011000110100111011011011111101101101101011110110001010010111110111001110111001100011101111010100101110101111110101110110
0011010111010111110001000100010011011101111010101001011011000010111000010110000111010101101000010100111100100010111000110110111001010110011000001100000010000011101111001010101101
0100011101101110010011001110001000101010101001100001001000100000010000001100000101101010001011001011011110001100111101010011101011101001111000000000010011100111010101100111110101
1010011010000001011011110100111111000100010111010111111001111001110001010000000101001110000000000111011011111111111101011101100000000100011110101011110001011001110100010101000111
0111011001101011100001111010001111011110001111100001000001110010110101000111100010011010100000100110100111001100000111001111000100101101111100010111010000010001011100100110100001
1101111101000000010101010110000011011100011111111001011010000010111001100111100000100101111101000000110101110100110110111111100011000011101101101101011001110101011100011111010111
1100111011001101011100001100101010100100000111001001111111001110011101111110010100010011011001011001110110010011111001111110111100011111010001100010010111111011001001100101000101
1010000000001111001100101011010110010110011011011000010011010011110101101000110101000001001100100111101110000111101001000110011111011011111101101001011010010011111010101000010111
1111101111011011001110010010100110101010011100000001001100000110110010010001010010000110111111010010101110010001111010010110111100101101001110101010100010000101001101111011011111
0010101110101011011110101111101101100011000110111000110101101011001011001001011011010100010001010101011000000101001011110110010101011101100010111010110001100010000000001000101011
0001011001011111100110111110101100001111111001010010001111101010111001011000000001011100000111110110010100000001110011101001001100101001111000011110111110010000110111101110010111
1100011000101000111111110100100011100000110111110010110011000110100001111111010100000010001101001010010100010101000001001111000100101001000010101100010101011100110001101111001010
0111111100101101011101101111000000010100010000101111100001100111010000001001000010011110011101000111010001000111100001011111001100110101100101001000011011111011001001000100110001
0010110100001001000101100100110001101000111111111100111101101010100010001111010010100111001101010000010111001011011100100111000111101100101111110100001110001000101000011110111110
0011000010111110100101001000011000100010111101011100100000000010001011101001110011110100010100100010101100010001100100010101111011010000000000110111110011000000011011111001011101
0010011101110011000111100001100111110100100010001111110011001010100101001001010010011000000100011001011100001010011111111110011111011110001110100001010011111111110011011111111011
0110010110011010010001011000100100110001001111011110000010000010100000000001100101101011010010111011001000110111000010101100010010001111100011101101010110101110111000010011101011
0111110000101111111000100110001010001001010001111001011011100010001100010011010011000110110101001100000111001001000001010011100111011011110000011101101100011110001110010111010011
1100010000111101110011001000101010000101101100111100000111001100011001101001101000000010000100011111101000001011101011101101101111011011000111000110010100111100111100100100100110
0000011110111111001101000001110010111010001000110100110011010111101101111000011000011111101010001000101011100010100100011001111010000001000010011010101000001100010100110011110100
0101110100110000000101111101110101010100111000011000000010101100111101010010000000000110010010000111000000011100000011011110011110111111000111101000011011101100000000001010000111
1111011100101110111100100111111001000110010100000111100100101111011000111000001011000110101100111110100001111111111110101011101101101000110110100111111001010000111000110001000001
1111110101111100000111100010111000110110110101010100111101001101010000110101001011001000100111110100010110001010111100110011010001110111100011110101010100110111011001011101111111
1101011000111111111111110110111011110110001100001011011001111011000100110111111101101110111101000001110001100011011110000011000010010001000001001101011011100100110011110000111001
1001010001110000000111000111001110101011111000010110011011111101001001000111100111110111010010001011111010001110001110010011111011111000001001001011110111101101011111010000110011
1100000110111000000001110101110100011000011000110001010001011111010100101111010010010000101110111000000110000010101110100011110111011111111101001010010110110100111011001010111101
0101001111000100000000110100010110100001011011001110000010111110100110001100011111101010010011110101100011010011000011010110101110101111001010010101010000010001010000001000101111
1011011001011100001101011111101100000101011000100010010001000101110101010111111000010000111101011110110011101001111010000001000101101101000110111111010001110111010100001001001000
0011001011001001100110101101111011110111101011101000001011101100101000110100010011001010001110100100011010110010100011111001000110011111000000011100100101101001001011111111100100
1011011001001100111010101111001010110001011010000111110011011101001000111100101111000000111100100110101010110101001100000001110111110010000001110100010111100101100010111110111010
0101100011001000011010111101001000011011101010111100101111011111001011111000000100110000111100001000101001101010111111100011101100101100111001010110100100000010010100010100010110
1111111010011000001110010100010000000111101000101100011100010010110000000010010000111111100011111001001111111011101111000001000000001110110011101010011011110110010101010001100110
1111110111110111000111110001011000011000111000100110000001001001001010010100010010111000101011110001001101001100011011111100010010000100111010001101000010110010010110100001001110
1110010101011101011110101110011010111010111101010001000000110000111011101111010000101010000110000100001000011001101010010110110100000000100010110010100000101000100000100101001100
0001000010011011001011111000000110101111101010000100001110000110010010010000011001111001100100011010000100011001011101000111100110110100110111111100001010110110010000001100100111
1010110001010010100110100010010000110000001111001011111000001101010010000100110101010101011000001010000001000111100001001000100000011001101100100111011000010010101111100000000001
0010101110101001100100011100110000111011100011110000111010001010101000000101001011010110100001011010000110110100011010011101110111010110010011011010101100001011010010011010011100
0100111101111000000000001100011101011111011000101110111100011001111011010001010000011101101001001101000001101100000011000001001111010101100000011110000110101101101110010100010100
0011011100000011001000110000010001011101000101011001110001010011000100101110001110000011011010000011000010110111000011110110000110000111001011111100111101011110101111001010011100
0110110101001110001110000100111110010001000010101011000000011010001001110000111010010111000010100111111101101101110001100101011011000001001001000100011000101110101001000101010110
1010101000011011001110001101000100010110000111000010001100110000111011011010110001100111101010011101011100011001110000000111011011100100110011111000011101101010111011100100001100
1001011101100010111110111111101011100100001100101011011101100101111001111011000101100111000011000001011001000001000111001010000100011010110111001010011101000001010100001000110101
1000011100110100101000011110011101001001100011110001011010101100001111010010111011011100000001111000101011110101101111000001100100101001010011111100001110001001101001000110101101
0000000111010000010100100000001101010001000110101111110100110110101111011011111101100010001001010111101100001011111011000111111101100111001100000001011011000001011111010101110011
1100001010001111011000010100111101010110110100100001101011111010100010100110011110100111001110110101000111110001110000111011101111111101100100001111100111111001111111110011100101
1001010100110110110101011001000110111101011000110100101101000001010100001101110011111101001110011010100010010110111001101011001111100011000111111001101011111110111110101101101011
1000000001010111000111100111100111010001111001100011110000111100011111001010001101010110110100100001001000000001100000100110001000101100110101001010000011101000111011101110101101
0100010110110011010101111101010011101001010110101110001011000111011011010110110011100110101100000011111101000010010100010100010001011000010001100000110000101100101011101110111110
1101101111000001011100011001010000110111010001011000101110010010101101000000000111111100111111011011100101000101110001111111011101111010010010010111101100001001001111101000111001
0110110010011100100011010000110000110001111110010010001100110011011000000000001110011001001101011010101100001101010001010010010000011011110110110000010110110111010000011110010111
0010011110110110100101001000011100100111011011101110100011101011010010011111101100100010000011011111000010100011000010010101010001111001111010100011101100100110000110011001001011
1000001100011000110001010010110010000101011000010101101011010000100001010100011110001100110000101101111001000010000110111100011110001001010011001111101011111001110110111111110001
1000110011010100001000100011110100110000100101101010010001011011010111011010000110010000011101000011101100111011001101001010110110001001010000000001100111011001100100110101100000
1011011000000000101011001111101100001001010100010100010011111101001101110111101001111011010110110000111010110111010011001010101111011011001010000010010011111100111100110011111010
1000111111110011110000011111111011001111110000100001000101100101100111110111111011010110101001111110010010110100001000001011101010111000101001000101101110010010100000010111101010
1000011110101111011011110111001111111011011111101001001110010010001000101010110000001010101111000101110010110011101110001111010110111001010001110100111011100001000111101000001011
0110010111110110110110000001100001101011000001011101010010101110010000011001110010100110100100011111100000001111100110101011001100111111100100110100101011101111101100010110111010
0101000111001101110000100000111011001101000010011110001110111000010001010010110110101000111111011001011011000110111001110011100100001000111001100100000010100111100110111110010011
1100110110001110011110101111010001110111100001100010110001111100000000101001010100011010101101010010110000111001000100011111011001000011111010110001101011011011111011010000110011
1000000001001110001110010111011101000111110000010000010001110100111100000010010010010001011111100011000111110101101001011000100001110000011011110111001011101100000000001100100000
1111101011100001001100110001111001011010000100000011010011110001111001011010110001000010010000100100111101110011010011110110110110010101100000110110010011100101110011000100100011
0100011011100010110000100111010101110111110001101000000001010101010110100010101001100110111001000100001111000110111010001100010001010110000100000010110100101011001111101011010100
0011010000001000101000110110000101000100110010110101110011101000001100011111110101000000111110110100000011111110001100000111111011110110000000011100010011110110010100000111110111
0100100010010010100011011111100110100001000010110101111000100101101110110000010111001100010110110110010101001001010101011001001001001100000111000011001111001010000000110011000100
0001101011001001100100111101111100110010000010000101111011110011011001011111001011011110111100000010111001010010100010100111001110110101111110100111010000001100001010110011011100
1001011111100011110011010010010111000000110110001000111110001101111011000100110010001011010011010110000101011011100001010010000110000100101101101111001100101010010110101110000111
1100101001001000011001111011110101010111001011110110101101011000110010111010001011100000101111010110101001110010111010010001101001010010111111111110000000001011011011100111100100
1110111000100101100111001001101110110111011111101000100010110100010111111000110000101110000010000101001100011111000100100001101101001000111010000010011011010010011001000100111000
0101100001100010111011001110111000011100001011100101010001111100110000101110010001001000001011111110011001110101001111101101101100101110110111011110011111010111011100111010001011
1010010101011010000000110001110100000010011010101111110101001010100110101000111111111101100001000010110111110011011010101011001001100010010001100111110001011111001111011111100011
1111000111101101010011001100100000111010001010100000011000000010101110101101010111111001100000101101101011010010101101001101101000001000000101001110110001100010010111000001100011
1001010101110000001011110011101001110111000110011111011110000101101011011010111110110101101011001010110010011110100000101101000001001100110111001101101101011111111100100101100101
0111110000101000001010100110101001110110111100011110011011111000111111100001110111100001111001101110000011111110100000111101100011110100001000011000011110001001011010110101111001
0001010010001111010000011010000100010010010110000011001110010100000010101011111010101010011010111100110011110011110110001101100010111100011000101011001001100110111110110001010100
1101001000001000100100111101111000011010000100111001010111100010101110111101101001100001110001111101111010000001101010101100100111111011001100010010110110100110011010001000100011
0101100101000011010011001011001111111010001100100101101000110010110100101001111001000000000110101111110101111101101001000100010011101000101001101011101111101101011111110111110101
1111110101110011001011001001101001110100010010010100101010001110101000111110010110011100101000111101000100001101010010100100111111111101111001100011100101001110100011011101110111
5 128 64 160
