138 1
001010001101010000111000000000101000100110001001101101101111001010011010001100010010101100011011011100110011001001000101001100001110010110
101110100100111101111011100000101100011010110101000110101110101010100110000100111000011110010011110001011010011100010110111110101101001010
100001011111101010000000110010111100110010111111001111001001110111101111010101010010100110011111001000011000001011100101010001011000010011
101100000000001010111010001111110101101100100110111000011010100011010110000110111001111101110110101010000011011010110100100110000001010101
111001000111001100101011001101101111011011011111000010111000001101101110100011110001101101010110100011100011101101101111011110100000010111
100111101011010011100011011010100101001110111111000100000101010011000101011011111111101101000111101111100110111000110000001110111011001101
110100111010010100101101101011000111100010000110000011101101010101110010011100000001011000000001101011110011001111010011010010110110101011
001010100011000001000101011110110110100101110001001010101100010111111110011100010111111111101010101000011011101000000011010000010101111100
110001100101001111001111011010001101010010011011100001100100001010111101011111010000011000110000010010011100110001000000101001111111110100
001010001110011100000001001001011111000101111011101000001110000000101111110100011011011001000110000001101110100010011010111001111001010110
001101101110000111011011010000111100011100110100101111110111101100110111101101111100110011100110011001001001111000101110000011100000011001
110111000100000110111101011000011010011101100100101011100100001101011111111110111000000010110010010100110000000111001111001101001100011111
111001010000100100100010001011111100111010101010000010000110011000010001011011101100110010000111110001101110010111111111010110001010000010
111101110011111110000101101101010010100001011010000111001010010100110111111100110110101001101111000000000001010001001111110011101111110010
100110101001111010011100110111100011110010110011100011000101001101000100111011111100000010100111010100101110000110001100001101010001010001
011000110110000010101001010100000101000011010110011110010111101011101111101100001100001000010011001100111011101111100110011110010000101100
001100010001000101011000101000100101011011010010000000000110011100011010001100010001111111101101110110001011101101110100000001001011100100
011011101001110000110100001011000111101111010111011000101111010100111011000110011001111010110100011000111010000101010111111011001101111001
010111011011010011101101111110000100111000111100001011111100010100101001011011011011001111010111110010101001000111010010000001101100100001
111001001010011001010000101010011111111001100111110111000101000010000111111100111001111111111011001010110011110011010101011110010111101100
001000100010111101110110000110011111010111101111100010111011001010101100000100001011111011111001010101011010011111011001001101101001111010
110011000001001010100100111110011000000111011011111000100111001101001110110100001011110000101101111100101111101000010101000011001110110010
000101101111100100110101100001101101010000001101011011101000101001011001010101000101000101110101001011111011111101000010101010000101111001
111101000011011101000000101111011100111000001100000010100110100011111011101101111000010001111011100111001110100101001010100001101100011000
101110010101011000111011110101010110110010111000111011011101001100001000011010010100100100010010011011111011011001111001100101010001010001
110100111101111000100101011110011001110101111011100111100101010111011101010001111010000010101010111100110001111011010111110100001010011000
011001000110010000000110011110001001011000000001111110001110101011011111101101101000101001010010111001100111100100101111001000110011001111
001011111101000011010111110101100001101111011101110111011001001011110110101001010010011010001101000010100100100110111010001100111100110100
111100100001010011000101111000011100010111111111110100001010100111010100000011100000101010000111010011000111111011100111011111011101011010
100101100010010011000001101100010100101001011000000010011001010100011010010111001011111101100110011111011000011100011111001100011011111100
110001101011110010110011001100110000001000000101101110111110110010110011011011000011111101010011100101100010111001010001001001101001000010
110000100011001110101111110100000011010011100110001001011101001011111010111000101010101101111111000001000011000000000110010000010011101110
001111010000101111110110100101000111101001001101111001100111010110011000101111110110001010010010000101101111000101110100100111111111111101
000110100110001110001100011000101100000001011000011111000110011011011000100100101011110110101101101010111111011000011001010000001000001001
010001100000100010010001000110011100001001100001011101110000100111011010011100101010000110001011000110011100010100100101110000111101101001
000001101110101101001011011000100001111111101111001101001000000101000000101010000000001110001010011001110100001101111000100111010011001111
111100101111110110000101110010010101100001100011001110001110001101010000110111011110001000001010111010111001100001111100101100110011001111
001100001110101111100111011001001001001011001111010011001010101111000101110101000101000000000111110110111101000111110001110110010000010000
111011110000000010011100101000110101000110110100000000000000010011010001010001011111101011101010101010011001001001000000111000110111011000
110110110100111101010101111110100001101011000001101000101111101101011100111011001101000101000110101111001000011101111001001011111110001101
010101000111110110100001100111100010110011011000001100110010011111110100000101110010001111101111100100000111111110000110110110001101101101
110001000010001111110111011100000100100110111011111100111000000000010001001100111110000010101100011100001001110001100110111000000001110000
011110110011100101000111011111111111100101010111001011001100001011101111001001111101101110110000010011100010110000111000100111010000001111
001111111111001000101000011110000110011010110100000010001101100110011110010010110011000010100010010101011111101110110001110001111110001001
110101111011001100001000010101000000110001111000101110110001000010010100101010000001001111111110110011100110011000000101001101010100101011
000001100111011011101010000101000010100000000010101001000110110000001001000000000011100100001100111111010100100111000010100101001111111010
010101101001110011111000100101101101101110010111111001110001001010101101100101000001001100100100001001000010100000101100011001111100011111
010011101001001001000110001011010110010101011111011010111011011000111001001111111111110011111010111110000110101001100100000111010001101010
000101111100111011110111001110111100011011000101011011011010110111001111111000001100111101100000010101110000111000001000110001100110011000
011001101000011101000011010110011100110001101001100101001000011100010001011110110001000110000011010011000010111110001010111100000011000001
010100000011001010001110011100111111101101101101010000011100100111010000101000101000100000011111001001110000100000010011110001011000010110
100011000110000011010110101000110100110110001100100001001011011000010111001100100010000101000100100001110100111001110101001110110001001110
000101101011011000001111011101100001111010100100010101101000011101011110000100010010111111101110100011010101101100100001011111010111001011
101111001101100011010011111011000111101011010001001110010000110111100101001110000111101110010000010010011100111000111110001011001010101111
110010011100110000101010101001110010001010010010010010101011110001101100111100001011110110010111001011011000000010101110011010101010001111
001111011000001001101010000001100110000011000100100011011011000001001001111010100111110011001001110110010010011111101011000111110001110101
100100001111111110000001111101110011101001100110100010010110110001000001000010001101110101001111110011111101111010001100010000101101111001
010010101101000011101000000010100001111001010010111000100000001010010101110001110011010010011001110110010011101101011101101111000101011010
011011101000010001111101001001101100100111011011010100011010111101000101100001111001110101101000001101110111111010110011110001111011000011
101011011001111101111110010011010011010001100100110100110110010100000001100000011010010111011100110111110000010011000011011000100101010000
011000011000001100100110010110100011101110001011110110110001001110000100000110010011011100011001000010110100111100000110100110110010101111
101011100101100100100111001101111101100100001001000001110001010101010110101001000100101100101100111000110100100010110111110110101100101001
110100110011100000000000000111111100011001101100011100001100010000000110110101010001010001110011010111010100011001000110100111101011101110
000010101010010101010101110001111110011101110001001010101110101000000011111101100001111010111111110100001001100110100111100111000110110110
010011010011001100000010000110001100101000000101101000110101100011000011100011110010100001000111011001110110101110111101111011110000000010
011010001001111110000101011001110011010111101001110011000000010101100101101001000010110001000011100011011101011111001100010011110101100100
111001000110000010110100011001100010100001101110100010010000110111001010111010000111101111010000001000110001000110110110100100111111110000
101011011101110111010101110110111101101111010001000111111110111101001011101000110100100001000010001011111011100010011001100110100000011011
110101100110100000000111111100000010101101000101100101011001101110111110100110100101110101101101000101010001111001001111100110001110110010
011101110000100000111011110000001000101011000100100111101100110111011000101010010001011011111110010110001000101101011100010100111111000011
100110001110100001010111001100110001010110010011110011010001101011010011100101101001100100111110010100010111000000101000111101100100011001
101100101010010100101011010101000011000010010101010101100110101100111001101100111000110110000110000011000100100000010000011101110001010101
000000001110011000011100100101000011110010110000011111101010000001010000100100011000100101110000000001110010010110111110101100111101001011
111000100101101001011010101110100100101100111001101110011111010101000011101111101001101110111011111110111110000101010101001111011010110011
111101110101001011000111001101001100111000100011100001001001101010010111101010100011111001101111110100001100001001010000111001110001111000
111010101010100000001001001010000100101101001010001101000100111100001010000111001110110000110111100111000110001011010010111000000011000000
100000101100100111010100110011101001001001110110000000011110000011110011010101101110100100111110110110000001111010111110010000000000001110
101111101000001110101110100001101010100010101001001001010101110100010111100111111110111111100010001010101111110010001101010101010010000010
110000100000101100011001110111011100101100000110001000001000001110001111010001111110011101000100101001000101000001101111000011100001101101
110100010110110001110101101000110011110101111011010010001100100101100101001011010101110100011000011100010010011010000111101001011100010001
010110100100011101011000000111001101011110101001111011111101000001100100010111101101111001011100111011010110010101110000010111110001100010
100110100101011111110110001000111000110010111011000110001000101011001101111101001100001111101111010101000111001001110010011000011001111001
111111011101000111000001000100001010010011110101100000011000110100011100101111010111010111010110111110001000011001011110101100001001110101
110111101111110011011001111111010101010010011000100000100101101000110000111111011001111001111101001110010100001010011110010110001111011111
100100000011111110110101101001001000101011011000010101111101000101010011111101010111010000001100001011000101101111110111111010011010001001
111110110000011011110011111001100101101011011011010100000100001100000010011110101101101001101001100010011001100001111100111100000000101010
011110110001001111001101011101011001110101010011101010001000010110011001100110100111100011001011100001011000101001000100010010011011011010
000000010110001001011111001001101111111000001010011000010100100010001011111111110100110001001011100101100110000011010001101010101110001011
000111011010000010101001101010110101010110010000110111101011001000110010101010010000110011010011000011111100010001110110101011111110001101
110000001110000101111011000010111011000010000000011011110100000000001001111001111010001001100100011001001101111010011101111010110001101000
010101110000111111101010011010001011110111110111010101001001110110110101011110001100111011000110101001001100000101011010111101100100111110
010101000111111110001011100111110100001101001101001101001111010001011001101101001110000000001011000010101000100010110011010111000001010111
001001100111001101000111000110101101011100011000010001110000110000110110010111110101010110011100001000010100100001111011100110110101011011
000000001100001010100111100011001110010000101000011111011110001101100010101001000000100010011001011000011111001010011010111011001110100010
101101001110111000111010001000100110000100110101110001110100010011001101011010000010111001101111110011110101110111000111011110011110010100
101000001110011010010110101011001001101010010100001000000001111100110100010101000110011010000110110011010011011100111110100011001101100110
111110010000101001010011100100110001010010101011011110000100010011101101100011111011111001111010101000111110110111011010011100010110111010
100111010010001010011111100001010001110100000000110011010100111111100110010110000010111011000101111000110010101110011100111100001000100110
010110000111110010110010101011000110110100111101000111001110011001110100001011000111100100111101001000100000001001000110101101000100010101
110101010001100101111110011111100101001000101110011100110011000100000010101001100110000010100011001011100001010000001110001011000011111111
110110100111100000000001010010010111001100000100111000000100010101110010110011011111001000101100010101100110011011100010010000101000001011
010111101100101001101010110001110111001101000011011000001000001000001100010000011010101110010100110101011000100000011111011111100000011000
110101101000001001100100111001011011000111100100010010001110000011110010111100000010011000011010000111100111010101100001110001010111101111
100010010010111111110000000111100101001010000100110100110000000001110011000110101111111110001110011100001011011000001100011111111110011011
010100111010000110010000001010010110100101010111010011010110101000101001101101001011010001001101000110001011100011010001010011000101111010
101111001000100100001001000100111101000011100010001110011110001011100101101101111000010101001111111100110010010001100110011100111001011011
000010101000011010101001100100101000100001101001110011000100101001011000101010001000110001110111100011100000110011011011111110111111100001
101110101010000001100000010000110010111000110111011110100010011001101101100000100100111110110011000100110101111111000000110110001110001100
100111000001100001010111111100110011011100011000010111010101111000111110010101010110111101010000111011111000110100110101101010100001010010
101010010110010011110101001010111110010100010111101111000000011110110011110101110011100010101101110101101000111010011100001100100011111011
101011101101001000111111100010110000000011010011110101101011111011111111111101110001110100101101001101110011000011100110101001100000100111
110001101110101010110011110001110011001101100010000001011001000101110111100101100101010000100010110011111011110100001011101111110110110011
110100100100100011101111111111110011110111100110100000011001110001011101101101111000100111001111100010000011000111001011100110000111110101
001010111000001001011011010111001010010000111011101011100110011100100101001111100100101001001110000011001111100101000110110101110101011010
011111011010101010011111110101001001101010101100010011000100111000100110111101111110110110111111001101011101110000001110111000100011101010
010000111010000100110111011001000100010001101011000010101001010011000011101000101111011101000001000111010000001111000100010000011111100011
110001100010111000100010110101000110101001100110000111101001100011000010110011101000010000110100010100011001010110100001000011010101011110
000110010000111110101100111001010000000110010001000100011110010110000011111100011101000101111010111100110100110100101011100001011010110010
110100011011101010000010011010011101101101000101010101101100101101001111001110100110101000100001110100100110011110000010110001000111100101
000000100010101000001111011010000111110001001111110101010101011111111100111011110100001110011001011101101011111111100100111010110001110101
010111101010110110111111001010010100010101001100000011011111110001010101111101011111101110011010111001001101111011101111000111010010110010
111001001111011010001011111010000000011010000111010111001111110000110011000010101111010010010111001000011010001101111101111110101111100000
001000011110111111110111010101001101100110000101100100111011111110111100011010010000011100001001100001000101010111101101110011010011101100
111100101100101111001011010110101011011111100011101000111101000111010011101100100100110001001111101101000010100110111111100010011111010010
100111100110101011001000001101100100001110110111110010100111100010011001100000100001001111001100010101100000010100101100011111010000000000
110100001010101101111010011010101110111010000100001101100110100110101001111010000100001100101000100101111010110001001111101110110011110011
001000110110010110000011001011000000111100111100101111001011011000111100100110000001000011000100011101001010010011010000110001110100010010
101010100111000100101001011001001010000100010010011101011011100100111100010001011110011100001101011101111111111000000110010110010010110011
111101000110101101111000100010110100010011110111001110110110001110001100111101110101111111000001010110001000010100101000100000110011001100
100010010001100100011001000000000101001000100101101000111011000010110110110110001111000111111001111110011100011111111011000111011111011111
110111010110101010111001000111110000101111110010001110000000010111100000010110011000001010111010001010011010001100011001110000001010011110
010111010111011000001111010100111110010011110111100011111001010101011000001011111000010010101111111101001111101000100001010111011100111111
111010011000100000110001000000011001010011001101111011010011000001100011101101100011111001011100000110000111110001000001010001110111100111
001101101010111101011111100000011000100111110001101110010101110001000110100100011010011010010110011000001011110110100101011011110010011100
000110011001110011000010000011100001101111110111100101111101000010111110001110110111100010000000011001000110111111001000001011011111011101
101100101010101100110111000001010110110111010101011010110011011100110000111100011001100111100111101010101011001111111011100111110110100111
101111000111100100000110100011010000111100001000110010100110011110000111000110000000000111101110100110010000000110100100001110110111011100
000000010000111010010011011111111000100100001101000001100110001110000010000011011101101101011010110000000101000110111101000010110000001111
22 68 59 85
